0.000326797
0.000347102
0.000338983
0.000332226
0.000311139
0.000304599
0.000304044
0.000310174
0.000335909
0.000325733
0.000333222
0.000348675
0.00033761
0.00034459
0.000337041
0.00032352
0.000315159
0.00030248
0.000311333
0.000332668
0.000326371
0.000311429
0.000289184
0.00030021
0.000285714
0.000296209
0.000296648
0.00029753
0.000309789
0.000306466
0.000305998
0.000313873
0.000312891
0.000325627
0.000315956
0.000309215
0.000294464
0.000283849
0.00029753
0.000305998
0.000294724
0.000304044
0.000282646
0.000292997
0.000298686
0.000312891
0.00030303
0.00030349
0.000285633
0.000291375
0.000284172
0.000271665
0.000262192
0.000256674
0.000271003
0.000271444
0.000278009
0.000278784
0.000287109
0.000294031
0.000288517
0.000274348
0.000273598
0.000286287
0.000276472
0.00028082
0.000292912
0.000292398
0.000279174
0.000266099
0.000278087
0.000266809
0.000276167
0.00026434
0.000277239
0.000287109
0.000291971
0.000287274
0.000273448
0.00026441
0.000264061
0.000259336
0.000277085
0.000284495
0.000279877
0.000294377
0.000283768
0.000298063
0.000301205
0.00030175
0.000309215
0.000301114
0.000280269
0.000290613
0.000280505
0.000280899
0.000268168
0.000272405
0.000264901
0.000256213
0.000263227
0.000256213
0.000255885
0.00026455
0.000255885
0.000268168
0.000273224
0.000273973
0.000267953
0.00026137
0.000260688
0.000269687
0.000269251
0.000260349
0.000260756
0.000271518
0.00027571
0.00026462
0.000252845
0.000261097
0.000269833
0.00026738
0.000283688
0.000273973
0.000274348
0.000265041
0.000267451
0.000262605
0.000262261
0.000259875
0.000257599
0.000261575
0.000266383
0.000261575
0.000276319
0.00029274
0.000282486
0.000290192
0.000293169
0.000281057
0.000281849
0.000288934
0.000289352
0.000275103
0.000260485
0.000269251
0.000263574
0.000250188
0.000254582
0.000266738
0.000254582
0.000249066
0.000255689
0.00024777
0.000247402
0.000247097
0.000256739
0.000259
0.00024919
0.000257334
0.000255102
0.000260417
0.000260824
0.000278319
0.0002886
0.000271739
0.000262674
0.000278396
0.000273823
0.000280112
0.000287109
0.000301114
0.000294985
0.000287604
0.000268962
0.000273748
0.000279018
0.00028169
0.000265604
0.000259202
0.000254647
0.000260417
0.000275862
0.000268889
0.000266383
0.000273149
0.000261575
0.000266383
0.000261575
0.000274424
0.000261575
0.000276014
0.00027115
0.000264901
0.000275634
0.000276014
0.000271813
0.000274424
0.00025974
0.000269034
0.000268601
0.00026295
0.000278009
0.000277239
0.000272851
0.00027894
0.000284414
0.000281611
0.000281215
0.00029146
0.000291886
0.000286944
0.000291886
0.000283286
0.000286123
0.000294898
0.000287936
0.000293772
0.000277469
0.000294031
0.000288184
0.00028777
0.0002936
0.000286862
0.000279408
0.000279877
0.000270416
0.00027115
0.000263713
0.000264061
0.000259336
0.000255428
0.000272628
0.000255428
0.000255037
0.000258732
0.000271076
0.000268601
0.000275482
0.000272851
0.000277393
0.000266525
0.000269034
0.00026476
0.000269397
0.00027533
0.000282646
0.000278242
0.000273299
0.000264061
0.000266454
0.00027115
0.000270416
0.000275558
0.000275179
0.00026062
0.000269397
0.000275862
0.000282247
0.000275862
0.000270709
0.00026448
0.000262055
0.000265957
0.000259471
0.000264201
0.000270929
0.000268456
0.000271003
0.000271444
0.000271003
0.000271444
0.000262536
0.000262881
0.000257467
0.00026455
0.000250313
0.000263713
0.000250313
0.000250941
0.000250627
0.000258732
0.000272851
0.000260349
0.000252143
0.000249938
0.000253614
0.000245339
0.000244978
0.000247036
0.000243665
0.00025413
0.000257998
0.000253485
0.000253807
0.000253485
0.000261712
0.000261028
0.000261712
0.000253485
0.00024975
0.000239636
0.000243665
0.000258866
0.000246124
0.000248262
0.000248571
0.000244379
0.000244738
0.000255951
0.000253743
0.000255951
0.000253743
0.000257666
0.000257003
0.000242014
0.000242601
0.000245942
0.000241838
0.000241488
0.000241838
0.000241255
0.000241838
0.000236518
0.000239866
0.000237869
0.000242483
0.000244559
0.0002442
0.000246245
0.0002442
0.000238152
0.000238493
0.000238152
0.000238493
0.000236518
0.000240442
0.000235905
0.000235349
0.000235018
0.000240269
0.000235018
0.000235571
0.000232342
0.000239464
0.000236072
0.000239406
0.000236072
0.000235793
0.000236072
0.000239464
0.000239177
0.000235793
0.000236072
0.000235793
0.000239177
0.000238607
0.000238892
0.000235239
0.0002405
0.000233318
0.000240327
0.000233318
0.000233645
0.000233318
0.000233645
0.000234192
0.000233918
0.00023359
0.000233918
0.00023359
0.000233918
0.000234192
0.000233863
0.00023084
0.00023116
