0.000300481
0.000284657
0.000273373
0.000264971
0.000265393
0.000258732
0.000258331
0.000273598
0.000288018
0.000296824
0.000297354
0.000276702
0.00029163
0.000309406
0.000287522
0.000272109
0.00027049
0.000263296
0.000255754
0.000273299
0.00027027
0.000271887
0.000260078
0.000269179
0.000254388
0.000247341
0.000247525
0.000250063
0.000242189
0.000250438
0.000247893
0.000261917
0.000245821
0.000261643
0.000276167
0.000258264
0.000251636
0.000246184
0.000255297
0.000271961
0.000270343
0.000255428
0.000258465
0.00024777
0.000256345
0.000273598
0.000276702
0.000263366
0.000260213
0.000255297
0.000258331
0.000271592
0.000277162
0.000267738
0.000267308
0.000260146
0.000266241
0.000261712
0.000268528
0.000263296
0.000247647
0.000255689
0.000270636
0.000276167
0.000292056
0.000303582
0.000299401
0.000309789
0.000297354
0.000314169
0.000296912
0.000290529
0.000291036
0.000276549
0.000262812
0.000266028
0.000257334
0.00026434
0.000249439
0.00024266
0.000234412
0.000246609
0.000257202
0.000264831
0.000278087
0.000296736
0.000282725
0.000294811
0.000279955
0.000265322
0.000251256
0.000260078
0.000273224
0.000287604
0.000296296
0.000305437
0.000301659
0.00028082
0.000274048
0.00027972
0.000276167
0.00027571
0.000261233
0.000270197
0.000260688
0.000266809
0.000268384
0.000251762
0.000268384
0.000262192
0.000275862
0.000266312
0.000257003
0.000243487
0.000253807
0.000244798
0.000238892
0.000233155
0.000233481
0.000248077
0.000237304
0.000239923
0.000242307
0.000235073
0.000229043
0.000243013
0.000249813
0.00025641
0.000241196
0.000248818
0.000242601
0.000237023
0.000240732
0.000239464
0.000247525
0.000253036
0.000245158
0.000241313
0.000256542
0.000242483
0.000228519
0.000235349
0.000231321
0.000244081
0.000238949
0.000231428
0.000245399
0.000252334
0.000258665
0.000243191
0.0002292
0.000223464
0.000223164
0.000236351
0.000231054
0.000237192
0.00024564
0.000261849
0.000262261
0.000252653
0.0002457
0.000245519
0.000254582
0.000258866
0.000244559
0.000258198
0.000255493
0.000263019
0.000272777
0.000273
0.000272554
0.000286615
0.000286369
0.000275634
0.000277316
0.000285307
0.000285551
0.000271223
0.000267881
0.000282805
0.000267881
0.000253229
0.00026441
0.000264831
0.000273224
0.000271592
0.000258933
0.000258732
0.000249377
0.000251953
0.000241779
0.00025
0.000265957
0.000273448
0.000264271
0.000261438
0.00026295
0.000258532
0.000272702
0.000255951
0.000254518
0.000257533
0.000257136
0.000249688
0.000257865
0.000249128
0.000242954
0.000245399
0.000242954
0.000254259
0.000247893
0.000241196
0.000243605
0.000252525
0.000253936
0.000258799
0.000256082
0.000248942
0.000256345
0.000243784
0.000250627
0.00024432
0.000246792
0.000239923
0.000240096
0.000226398
0.000219202
0.00021725
0.000213812
0.000214087
0.000217533
0.000224618
0.000218388
0.000211685
0.000217014
0.000225175
0.000219443
0.000211685
0.000221092
0.000217533
0.000226655
0.000232775
0.00023245
0.000226347
0.000218103
0.000223065
0.000228206
0.000223015
0.000229991
0.00022041
0.000225479
0.000223164
0.000223464
0.000216873
0.00021173
0.000220556
0.000222816
0.000233809
0.000221092
0.000218866
0.000227169
0.000237812
0.00023218
0.000222025
0.000228467
0.00022007
0.000211551
0.000214915
0.000226912
0.000214731
0.000219298
0.00021901
0.000221239
0.000227066
0.000217912
0.000221043
0.000233973
0.00022779
0.000215703
0.000207254
0.00021322
0.000217297
0.000217155
0.000222568
0.000232775
0.000245098
0.00023855
0.00022686
0.000220119
0.00022041
0.000211238
0.000218962
0.000214408
0.00021631
0.000208768
0.000213356
0.000210438
0.000214823
0.000213812
0.000211954
0.000218198
0.000211954
0.000220507
0.000216967
0.000217108
0.000216826
0.000219925
0.00021395
0.000219925
0.000220994
0.000223015
0.000218103
0.000217061
0.000214041
0.000220167
0.000214041
0.000217061
0.000221976
0.000217061
0.000214041
0.000214316
0.000209952
0.000216076
0.000220897
0.000216076
0.000211372
0.000216497
0.000208247
0.000212811
0.000206868
0.0002151
0.000210438
0.0002151
0.000214823
0.000212947
0.000207987
0.000209776
0.000213083
0.000213356
0.000202552
0.000200884
0.000207857
0.000210704
0.000211685
0.000203046
0.00020475
0.000203046
0.000207771
0.000205002
0.000200763
0.00020555
0.00020247
0.000204165
0.00020247
