0.000339789
0.00035727
0.000381825
0.000397298
0.000398089
0.000371471
0.000403063
0.000402253
0.000386399
0.000366032
0.000339789
0.000339098
0.000334001
0.000333556
0.000320924
0.000344234
0.000362188
0.00034626
0.000369276
0.000384763
0.000385505
0.00039604
0.000364166
0.000358295
0.000332779
0.00034638
0.000336474
0.000344828
0.000353482
0.000343289
0.000341997
0.000347343
0.000352858
0.000347343
0.000338983
0.000347343
0.000324044
0.000317965
0.000310849
0.000334113
0.000342349
0.000327332
0.000338639
0.000325627
0.000311236
0.000312012
0.000298597
0.000320205
0.000320821
0.000327547
0.000326904
0.000319489
0.000342231
0.000342114
0.000319081
0.00030175
0.00030722
0.000287439
0.00029967
0.000307409
0.000311721
0.000307598
0.000308642
0.000290023
0.000281136
0.000281611
0.000299043
0.000299401
0.000299491
0.000282008
0.000265887
0.00025582
0.000249314
0.0002457
0.000243013
0.000255951
0.000255624
0.00024667
0.000259673
0.000268528
0.000274801
0.000292569
0.000301568
0.000301205
0.00030021
0.000313578
0.000312989
0.000313381
0.000325415
0.000349773
0.000326052
0.000327225
0.00035524
0.000355114
0.000339789
0.000316056
0.000316556
0.000306654
0.00030248
0.000302572
0.000283206
0.000295596
0.000307787
0.000288767
0.000288434
0.000288767
0.000303582
0.000291036
0.000303767
0.000307977
0.000294551
0.000307409
0.000306654
0.000291545
0.000292056
0.00027571
0.000284981
0.000298775
0.000294811
0.000275255
0.000283206
0.000282805
0.000283447
0.000273075
0.000262743
0.000272331
0.000263852
0.000263296
0.000271076
0.000266099
0.000261643
0.000276702
0.000267953
0.000262881
0.000267881
0.000267451
0.000284495
0.0002849
0.0002886
0.000280348
0.000276855
0.000290444
0.000294118
0.000280191
0.000297089
0.000301114
0.00030656
0.000320718
0.000312305
0.000334336
0.000311042
0.000319387
0.000318878
0.000314367
0.000306185
0.000306091
0.000312695
0.000319898
0.000328839
0.000327654
0.000320102
0.000314169
0.000314663
0.000295072
0.000295596
0.000299581
0.000293341
0.000313972
0.00031407
0.000314861
0.000304414
0.000296824
0.000296384
0.000277932
0.000283607
0.000284495
0.000292997
0.000289184
0.000296384
0.000296033
0.000278862
0.000279174
0.000282725
0.000297885
0.000298329
0.000309215
0.000296033
0.00028885
0.000275938
0.000272554
0.000267308
0.00027533
0.000266667
0.00027533
0.000267308
0.000278319
0.000277932
0.000271518
0.000276319
0.000271518
0.000289101
0.000288434
0.000306843
0.000331345
0.000326691
0.000302847
0.000301841
0.00031211
0.000299581
0.000314861
0.000303582
0.000307598
0.00028777
0.000288184
0.00029976
0.000299401
0.000287191
0.000288101
0.000273898
0.000264201
0.000261233
0.000264201
0.000270197
0.000267094
0.00026738
0.000276319
0.000276243
0.000275406
0.000282008
0.000285633
0.000282008
0.000281532
0.000266312
0.000282486
0.000286123
0.000278009
0.000278474
0.000283126
0.000282646
0.000287853
0.000306748
0.000306373
0.000306937
0.000288517
0.000289436
0.000276472
0.000279799
0.000271518
0.00028777
0.000278087
0.000271665
0.000279408
0.00027894
0.000275482
0.000284738
0.000284819
0.000273299
0.000287439
0.000286533
0.000306185
0.00030722
0.000307977
0.000320513
0.000316156
0.000323415
0.000336247
0.000325098
0.000304507
0.000303767
0.000304507
0.000327011
0.000320821
0.000312402
0.000306279
0.000306654
0.000286944
0.000281215
0.000280348
0.000285063
0.000295247
0.000289352
0.000303582
0.000293083
0.000292654
0.00029656
0.000286533
0.000287439
0.000282646
0.0003003
0.00029994
0.000284576
0.000294464
0.000294811
0.000281373
0.000298418
0.000297708
0.000293772
0.00030003
0.000300481
0.000289436
0.000288517
0.000294377
0.000284252
0.000287936
0.000271223
0.000275634
0.000276472
0.000277085
0.000271887
0.000267594
0.000270856
0.000256739
0.000257136
0.000249563
0.000236855
0.000234357
0.000238379
0.000237756
0.00024266
0.000242189
0.0002457
0.000246366
0.000242072
0.000255102
0.000258065
0.000257334
0.000244081
0.000247954
0.000248447
0.000249128
0.000248818
0.00025413
0.000248756
0.000244858
0.000255428
0.000255754
0.000263922
0.000258198
0.000257666
0.000261986
0.000261233
0.000260824
0.00026137
0.000257069
0.000253229
0.000253936
0.000251067
0.000260485
0.00025974
0.000260485
0.000257467
0.000263158
0.000249501
0.000252207
0.000255102
0.000262398
0.000268384
0.000268312
0.000262329
0.000262743
0.000248016
0.000252334
0.000248016
0.000251699
0.000258331
0.000258398
0.000257998
0.00025413
0.000254518
0.000254259
0.00024667
0.00025113
0.00024667
0.000249439
0.000239349
0.000246305
0.000239349
0.000239578
0.000237023
0.000231054
0.000234962
0.000231054
0.000228676
0.000231054
0.000234522
0.00022686
0.000226296
0.00022686
0.000226449
0.00022686
0.000226296
0.000224115
0.000226398
0.000226963
0.000230574
0.000229991
0.000230574
0.000229991
0.000226398
0.00023084
0.000231428
0.000229043
0.000228624
0.00022805
0.000231857
0.00023245
0.000228624
0.000229043
0.000228467
0.000224115
0.000224669
