0.000376932
0.000366435
0.000363636
0.000361925
0.000372162
0.000367512
0.000371058
0.00036245
0.000334672
0.000340832
0.000357398
0.000354108
0.000333778
0.000338753
0.000337952
0.000340368
0.000347102
0.000374111
0.000347102
0.000338066
0.0003367
0.00035137
0.0003427
0.00036062
0.000341763
0.000330688
0.000339328
0.000314663
0.000318066
0.000310463
0.000306279
0.000313676
0.000311526
0.000312207
0.000306279
0.000325309
0.00031736
0.000316656
0.000318878
0.00030303
0.000312305
0.000327654
0.000320102
0.000327654
0.000319693
0.000309981
0.000311236
0.000309981
0.000310655
0.000313185
0.000329598
0.000321958
0.000309598
0.000315856
0.000323625
0.000318066
0.000322581
0.000307787
0.000312989
0.000314268
0.00031211
0.000304414
0.00029036
0.000298864
0.000304507
0.000298864
0.00029036
0.000304878
0.000305998
0.000304044
0.000291206
0.000277932
0.000286205
0.0003003
0.000302206
0.000308928
0.000299312
0.000297
0.000299312
0.000305904
0.000301841
0.000316056
0.000328947
0.000321337
0.000307882
0.000294291
0.000293686
0.00028885
0.000285144
0.000288767
0.000289352
0.0002849
0.000289352
0.000286533
0.000298151
0.00030012
0.000306748
0.000300842
0.000296912
0.000295858
0.000301386
0.00030021
0.000294724
0.000301932
0.000301296
0.000305344
0.000306466
0.000294204
0.000295334
0.000317058
0.000320513
0.000308261
0.000320102
0.000312891
0.000319285
0.000304785
0.000290276
0.000298775
0.000299401
0.000279955
0.000273748
0.000285551
0.000279486
0.0002936
0.000279486
0.000272035
0.000283527
0.000296912
0.000286697
0.000283126
0.000268601
0.000271813
0.000268601
0.000277855
0.000273748
0.000271813
0.000282247
0.000280505
0.000292398
0.000279408
0.00028393
0.000272405
0.000281611
0.000290107
0.000279096
0.000278087
0.000269107
0.000265041
0.000277701
0.000278707
0.000282247
0.000278707
0.000294377
0.000278707
0.000267881
0.000273149
0.000272183
0.000282646
0.00028169
0.000276091
0.00028169
0.000289687
0.000281215
0.000287356
0.000285633
0.000290782
0.000294638
0.000284252
0.000271003
0.000271961
0.000266738
0.000259943
0.000272109
0.000277546
0.000272109
0.000273
0.000269687
0.000272926
0.000277008
0.000278707
0.000277008
0.000273673
0.00027533
0.000262881
0.000258665
0.000270563
0.000285144
0.000284172
0.000283126
0.000286697
0.00028777
0.000284981
0.000283206
0.0002849
0.000280584
0.000277162
0.000282805
0.000290867
0.000289101
0.000294377
0.000298329
0.000299401
0.000290867
0.0002849
0.000287026
0.000286041
0.000282406
0.000284172
0.00028777
0.000285633
0.000283849
0.000290529
0.000286862
0.000289687
0.000289101
0.000290107
0.000279096
0.000281136
0.000280191
0.000275406
0.000279799
0.000280348
0.000268962
0.00027049
0.000268601
0.00027049
0.000269542
0.000265463
0.000267023
0.000267953
0.000271887
0.000269978
0.000270856
0.000269978
0.000268384
0.000269978
0.000268384
0.00027027
0.000268384
0.00027027
0.000273523
0.000278242
0.000275634
0.000277316
0.000278242
0.000277239
0.000282885
0.000277855
