0.000301477
0.000301023
0.000285959
0.000308166
0.000286123
0.000304414
0.000309215
0.000327011
0.000352858
0.000342936
0.000337496
0.000327118
0.000317763
0.000335121
0.000328084
0.000307031
0.000310655
0.000327225
0.000337268
0.000344709
0.000342818
0.00036036
0.000383289
0.000352609
0.000332005
0.000327869
0.000329598
0.00034904
0.000341413
0.000339559
0.00033456
0.000319387
0.000323311
0.000332116
0.000326584
0.000333556
0.00035014
0.000331236
0.000334448
0.000325521
0.000335345
0.00031736
0.000323939
0.000299491
0.000296121
0.00030349
0.000304971
0.000320924
0.000311818
0.000318776
0.000310174
0.000327332
0.000329056
0.000333556
0.000358551
0.000348311
0.000360101
0.000340136
0.000346141
0.000322685
0.000313185
0.000337154
0.000346741
0.000352113
0.000326052
0.000314169
0.000323415
0.000318878
0.0003465
0.000336587
0.000310463
0.00030656
0.000318573
0.000302572
0.000306373
0.000286697
0.000275482
0.000278862
0.000296209
0.000292398
0.000286533
0.000293858
0.000286287
0.000301386
0.000293341
0.000306091
0.000291545
0.000279955
0.000270636
0.000279408
0.000299043
0.000293427
0.000286533
0.000294118
0.000314861
0.000312012
0.000296384
0.000296824
0.000293255
0.000298864
0.000314169
0.000318471
0.000335796
0.000335796
0.000334001
0.000327011
0.000331455
0.000309981
0.000301568
0.000307503
0.000292912
0.000305623
0.000314268
0.000308071
0.000311721
0.000311236
0.000320307
0.000303306
0.000303767
0.000326264
0.000333222
0.000332668
0.000328192
0.000311526
0.00030303
0.000283527
0.000290951
0.000272331
0.000278784
0.000272331
0.000279486
0.000274574
0.000287687
0.000301841
0.000304507
0.000312305
0.000329056
0.000353357
0.000364299
0.000338524
0.000338524
0.000346741
0.000341647
0.000346861
0.000327976
0.000323939
0.000319387
0.000303582
0.000302115
0.000305623
0.000307125
0.000329489
0.000322685
0.000301205
0.000283286
0.000286862
0.000308166
0.000295247
0.00028169
0.000275103
0.000269034
0.000265393
0.000271297
0.00027248
0.000281928
0.00027465
0.000273448
0.000271297
0.000289101
0.000271518
0.000271887
0.000271518
0.000278629
0.000277393
0.000290529
0.000294204
0.00028393
0.000284333
0.000285633
0.00026824
0.000263296
0.000280034
0.000267809
0.00027248
0.000264131
0.000248324
0.000256148
0.000259269
0.000259269
0.000275255
0.000268817
0.000262192
0.000259202
0.000275406
0.00028885
0.000290192
0.000283447
0.000266312
0.000261849
0.000266312
0.000272628
0.000267953
0.000281215
0.000283527
0.000283527
0.000305157
0.000311236
0.000315557
0.00030931
0.000304878
0.000285388
0.000272257
0.00027533
0.000280269
0.000287109
0.000307125
0.000313873
0.000310174
0.000335233
0.000344709
0.000337268
0.000332336
0.000332336
0.000309023
0.000300661
0.000293169
0.000286287
0.000284981
0.00030303
0.000309023
0.000320513
0.00031407
0.000311236
0.00031407
0.000317864
0.000310945
0.000299491
0.000299043
0.000305437
0.000305437
0.000294985
0.000295421
0.00028082
0.000287687
0.000280662
0.000280662
0.000262881
0.000269034
0.000269034
0.000269034
0.000282326
0.000286451
0.000300481
0.000281294
0.000285063
0.000288684
0.000282965
0.000302389
0.000298151
0.000311333
0.000309789
0.000306185
0.000302115
0.000308642
0.000300752
0.000285714
0.000282406
0.000271518
0.000272702
0.000285633
0.000283286
0.000290023
0.000290023
0.000286451
0.000290107
0.000289687
0.000297442
0.000283447
0.000284738
0.000278242
0.000274348
0.000274725
0.000281294
0.000265675
0.00027027
0.000263852
0.000266738
0.000250063
0.000260892
0.000264131
0.000266809
0.000275862
0.000272777
0.000272777
0.000267666
0.000259134
0.000248447
0.000253614
0.000253614
0.000248447
0.000242954
0.000257136
0.000256805
0.000256805
0.000265182
0.000268097
0.000274801
0.000258665
0.000258665
0.000264271
0.000264271
0.000267308
0.000267308
0.000283206
0.000279486
0.000273224
0.000273598
0.000272405
0.000269397
0.000258065
0.000257003
0.000257003
0.000258065
0.000252525
0.00024975
0.000244439
0.000253229
0.000254259
0.00026001
0.000278087
0.000271518
0.00027115
0.000261097
0.000246488
0.00024919
0.000246488
0.000249626
0.000253678
0.000254001
0.000238834
0.000237925
0.000248324
0.000250125
0.000250125
0.000249813
0.000249813
0.000247158
0.000247463
0.0002457
0.000248324
0.000250125
0.000249813
0.000248016
0.000250564
0.000246609
0.000251699
0.000249128
0.000241721
0.000245519
0.000240674
0.000241604
0.000241896
0.000232019
0.000234247
0.000230787
0.000234247
0.00023912
0.000235516
0.000235516
0.000233263
0.000233263
0.000232992
0.000237699
0.000244439
0.000246184
0.000242365
0.000241429
0.0002442
0.000244499
0.000239406
0.000238493
0.000239406
0.000234632
0.000234357
0.000232775
0.000234357
0.000236798
0.000225581
0.000226398
0.000226655
0.000225836
0.000224366
0.000225175
0.000226655
0.000225175
0.000227273
0.000224669
0.000226142
0.000229779
0.000228938
0.000227428
0.000230097
0.000228102
0.000231481
0.000232342
0.00023015
0.000231696
0.000236463
0.000231696
0.000228311
0.000226809
0.000234357
0.000230574
0.000232612
0.000232612
0.000234192
0.000239464
0.000237812
0.000235682
0.000235682
0.0002331
