0.000307409
0.000302115
0.000313775
0.000309215
0.000292141
0.000307977
0.000328084
0.000356633
0.000341647
0.00032457
0.000303214
0.000305064
0.000295247
0.000305064
0.000308737
0.000313087
0.000305623
0.000329707
0.000305623
0.000318167
0.000299222
0.000281452
0.000268168
0.000278396
0.000268745
0.00025208
0.000249626
0.000262674
0.000279486
0.000278474
0.000282167
0.000280584
0.000288018
0.00030931
0.00028885
0.000283286
0.000284333
0.000273673
0.000283206
0.000293945
0.000289939
0.000274123
0.000257268
0.000250501
0.000254842
0.000260349
0.000268312
0.000278087
0.000293513
0.000278087
0.000292398
0.000281611
0.000275786
0.000288018
0.000282486
0.000281452
0.00026976
0.000270709
0.00026476
0.000261438
0.000253293
0.000268025
0.000278242
0.000285633
0.000272257
0.000277393
0.000276396
0.000279408
0.000289352
0.000290444
0.000305717
0.000318471
0.000305717
0.000284495
0.000291375
0.000296296
0.000303306
0.000287936
0.000284252
0.000294031
0.000287026
0.000270197
0.000273748
0.000292056
0.000301296
0.000297
0.000290276
0.000281373
0.000276091
0.000267666
0.000255885
0.000257202
0.000249688
0.000262055
0.000270124
0.000263505
0.00027465
0.000286779
0.000292483
0.000315159
0.000302115
0.000306466
0.000301205
0.000297
0.000303767
0.000297
0.000280662
0.000295247
0.000275255
0.000272331
0.000275862
0.000281928
0.000273823
0.000257666
0.000256345
0.000251953
0.000243902
0.000247341
0.000255624
0.000243843
0.000251004
0.000253485
0.000251004
0.000253485
0.000243962
0.00024667
0.000245881
0.000235682
0.000227428
0.000234742
0.000246245
0.000251383
0.000259943
0.000270783
0.000262674
0.000253936
0.000248139
0.000260349
0.000277624
0.000271739
0.000276855
0.000273448
0.000281532
0.000275103
0.000266525
0.00026178
0.00026824
0.000256148
0.000267953
0.00026462
0.000275862
0.00027933
0.000269034
0.000258331
0.000265816
0.000267237
0.000264061
0.000250878
0.000239521
0.000251319
0.000261438
0.000248694
0.000251699
0.000259336
0.000252461
0.000245218
0.000238834
0.000239578
0.000232721
0.000223764
0.000229779
0.000241022
0.000256082
0.000270709
0.000274198
0.000264831
0.000249066
0.000260213
0.000269251
0.000252653
0.000258065
0.000255493
0.000263783
0.000273673
0.000264201
0.000260892
0.00026824
0.00026178
0.000269469
0.000265393
0.000256082
0.000245278
0.000247647
0.000260552
0.000247647
0.000255951
0.000247647
0.000260281
0.000264971
0.000268168
0.000259605
0.000257003
0.00025
0.000240732
0.000236855
0.000241138
0.000244499
0.000251193
0.000258598
0.000246124
0.000242718
0.000257003
0.000251636
0.000248818
0.000254712
0.000259875
0.000251446
0.000244439
0.000238322
0.000240558
0.000243368
0.000242189
0.000235516
0.000246914
0.000237869
0.000235682
0.00024667
0.000241138
0.000243784
0.000232288
0.000234412
0.000228571
0.000235183
0.000231107
0.000236183
0.000233699
0.000240964
0.000230097
0.000234577
0.000222618
0.000229305
0.000222618
0.000216403
0.000219635
0.000229674
0.000226142
0.000216403
0.000224972
0.000231803
0.000238265
0.000228676
0.000226655
0.000220119
0.000221092
0.000224467
0.000219877
0.000224467
0.000219877
0.000214362
0.000213767
0.000218866
0.000214961
0.000221484
0.000224316
0.000223314
0.000224316
0.000218962
0.000221141
0.000220167
0.00022477
0.000234028
0.000226757
0.000218055
0.00022168
0.000228311
0.00022899
0.000226552
0.00021725
0.000222321
0.000218531
0.00022041
0.000214225
0.000215146
0.00021173
0.000219925
0.000217628
0.000221386
0.000213083
0.000220313
0.00022686
0.000223964
0.000221729
0.000223964
0.000222965
0.000234962
0.000232504
0.000224467
0.00022686
0.000227894
0.000225887
0.000231857
0.000236407
0.000232666
0.000231965
0.000236072
0.000231
0.00022553
0.000231214
0.000231911
0.000235018
0.00023245
0.00022941
0.000234357
0.000223314
0.000222321
0.000223314
0.00023663
0.000224467
0.000226449
0.000222668
0.000210837
0.000217108
0.000222767
0.000217108
0.000219829
0.000215889
0.000223314
0.000215889
0.000218007
0.000211685
0.0002151
0.000217344
0.000215239
0.00021182
0.000206101
0.000210659
0.000206654
0.000210261
0.000206654
0.000209908
0.000206654
