0.000385208
0.000397456
0.000384025
0.000374813
0.000346141
0.000357015
0.000349895
0.000339443
0.000359712
0.000337952
0.000359712
0.000344709
0.000324675
0.000324044
0.000353107
0.000343761
0.0003367
0.000351617
0.000367242
0.000391696
0.000356252
0.000380518
0.00036523
0.000344353
0.000330688
0.000317965
0.00029753
0.000281452
0.00028885
0.000289352
0.000308642
0.000331236
0.000317965
0.00031837
0.000336814
0.000351
0.00036062
0.000332116
0.000344709
0.000335458
0.000322477
0.000322061
0.000335683
0.000354233
0.000329056
0.000317561
0.000343525
0.000326052
0.000334784
0.000324886
0.000314465
0.000298597
0.000298063
0.000279642
0.000289352
0.000279642
0.000280112
0.000285225
0.000278862
0.000266241
0.000272851
0.000263783
0.000271665
0.000259538
0.000271665
0.000269614
0.000276167
0.000293686
0.000297442
0.000282406
0.000292056
0.000275938
0.000282167
0.000297177
0.000319489
0.000310463
0.000294724
0.00030553
0.000302663
0.000292056
0.000282965
0.000265322
0.000264901
0.000261917
0.000269107
0.000280899
0.000270636
0.000272926
0.000267094
0.00026738
0.000256674
0.00026001
0.000254194
0.000261506
0.000273
0.000272702
0.000291375
0.000274123
0.000271813
0.000260417
0.00026434
0.000266525
0.000268528
0.000284981
0.000282725
0.000278242
0.000269978
0.000286697
0.000271739
0.000283768
0.000265816
0.00026137
0.000263296
0.000272331
0.000279018
0.000271297
0.0002886
0.000274424
0.000281452
0.00027248
0.00027571
0.000280112
0.000288351
0.000271444
0.000276014
0.000269251
0.000277469
0.000268097
0.000273973
0.000283286
0.000281057
0.000277162
0.00027115
0.000271444
0.000256476
0.000261849
0.000251572
0.000262743
0.000262467
0.000258331
0.000251193
0.000255102
0.000251193
0.000251572
0.000251193
0.000237982
0.000248016
0.000259067
0.000262467
0.000271076
0.000267953
0.000278009
0.000294377
0.000280426
0.000293686
0.000298686
0.000302572
0.000298686
0.000291715
0.000280662
0.000282885
0.000287853
0.000275103
0.000270563
0.000277393
0.000283688
0.000288684
0.000275028
0.000294291
0.000277932
0.000271297
0.000267165
0.000251383
0.000247586
0.000237586
0.000237812
0.00024108
0.000236518
0.000233372
0.000235738
0.000223214
0.0002292
0.000229516
0.000227273
0.000239292
0.000242601
0.000240964
0.000238095
0.000241779
0.000241546
0.000251319
0.000251572
0.000241779
0.000241429
0.000254712
0.000263783
0.000259403
0.000255624
0.000268817
0.000260417
0.00026462
0.000267666
0.000253036
0.000241313
0.000234467
0.000238777
0.000242483
0.000235793
0.000239006
0.000235571
0.000223914
0.000217344
0.000218675
0.000215983
0.000224366
0.000230415
0.000230203
0.000239063
0.000233973
0.000238892
0.000243546
0.00023912
0.000242424
0.00023912
0.00024558
0.000240848
0.000231214
0.000225479
0.000224065
0.000227169
0.000231965
0.000228938
0.000233209
0.000236351
0.000240674
0.000241022
0.000251256
0.000268384
0.000276549
0.000270563
0.000258732
0.000253678
0.000247954
0.00024426
0.0002405
0.000243843
0.0002405
0.000237248
0.000241663
0.000253936
0.000251953
0.00026476
0.00026434
0.00025641
0.000256674
0.000253872
0.00026434
0.000272777
0.000274876
0.000263574
0.000272257
0.000276549
0.000290107
0.000280269
0.000267594
0.000254001
0.000250376
0.000255493
0.000253678
0.000265322
0.000260078
0.000262192
0.000254388
0.000256213
0.000259538
0.000254259
0.000251067
0.000256937
0.000257334
0.000241546
0.000231857
0.000231535
0.000234632
0.000226091
0.000226398
0.000233536
0.000236295
0.000236072
0.000235738
0.00023596
0.000242895
0.000235183
0.000235516
0.000232775
0.000227946
0.000232775
0.000228676
0.000231321
0.000228676
0.000231911
0.000239406
0.000244081
0.000238152
0.000241022
0.00023753
0.00023596
0.000228676
0.000232072
0.00022941
0.000229095
0.000231374
0.000226603
0.000226912
0.000221386
0.000224215
0.000229885
0.000239751
0.000239521
0.000233372
0.000226963
0.000224065
0.000224266
0.000224065
0.000224266
0.000221092
0.000227894
0.000221092
0.00022899
0.0002331
0.000242483
0.000233645
0.000229516
0.000221092
0.000222469
0.00022805
0.000234797
0.000228885
0.000228676
0.000228363
0.000232396
0.000229358
0.000227894
0.000230894
0.000231214
0.000230894
0.000236463
0.000234082
0.000227376
0.000227583
0.000230787
0.000231107
0.000226501
0.000227946
0.000227635
0.000229885
0.000225734
0.00022604
0.000223164
0.000225683
0.000223164
0.00022604
0.000223164
