0.000273523
0.000262536
0.000280584
0.000264971
0.000258398
0.000275558
0.000262192
0.000273149
0.000274048
0.000257069
0.000263505
0.000270343
0.000259605
0.000250501
0.00024975
0.000265887
0.000249626
0.000266099
0.000277393
0.000275179
0.000281136
0.00029656
0.000275938
0.000288101
0.000276702
0.000296824
0.000279096
0.000261028
0.000266738
0.000276396
0.000272926
0.000288351
0.00028169
0.000297177
0.000304321
0.000294724
0.000314169
0.000291715
0.000304414
0.00030553
0.000288268
0.000269034
0.000268168
0.000276014
0.000296648
0.000285551
0.000286533
0.000299581
0.000287274
0.000306091
0.000304971
0.000315259
0.000300752
0.000279564
0.000272257
0.000285551
0.000289352
0.000285633
0.000272331
0.000261506
0.000271592
0.000266028
0.000253807
0.000263366
0.000273448
0.000263366
0.00025641
0.000266028
0.000280662
0.000266028
0.000268456
0.000252016
0.000239349
0.000254453
0.000239349
0.000250188
0.000256345
0.000244738
0.000236463
0.000251004
0.000242424
0.000243132
0.000241138
0.000250752
0.00025
0.000240442
0.000250752
0.000259875
0.000265182
0.000274876
0.00026469
0.000267094
0.000256608
0.000251636
0.000249501
0.000259403
0.000250188
0.000264061
0.000267237
0.000258065
0.000275179
0.000283206
0.000289519
0.000302939
0.000298864
0.000285796
0.00027248
0.000257467
0.000259403
0.000244141
0.000254777
0.000251826
0.000252589
0.000246002
0.000236072
0.000237982
0.000229621
0.000224669
0.000232612
0.00022007
0.000216403
0.00022007
0.00021164
0.000215378
0.000210526
0.000212585
0.000219684
0.000224417
0.000219732
0.00021263
0.000217014
0.000210084
0.000214915
0.000205634
0.000202224
0.000207814
0.000217297
0.000215936
0.000218055
0.000230362
0.000225378
0.00022007
0.00022941
0.000237699
0.00024667
0.000241022
0.000247341
0.000242601
0.000251256
0.000257467
0.000251256
0.000260417
0.000267881
0.000286369
0.000275862
0.000265604
0.000260552
0.000274574
0.000280191
0.000291886
0.000283126
0.000277393
0.000266809
0.000250438
0.000259538
0.00026455
0.000275634
0.000260552
0.000272702
0.000259605
0.000258799
0.000259605
0.000256542
0.000244918
0.000242895
0.000234192
0.000235793
0.000240442
0.000251636
0.000248818
0.000240442
0.000255689
0.000243487
0.000233754
0.000241138
0.000246792
0.000232937
0.000234797
0.000237304
0.00024564
0.000243902
0.000256148
0.000249314
0.000244858
0.000236072
0.000231857
0.0002457
0.000254453
0.000268817
0.000274499
0.00027115
0.000261097
0.000279174
0.000273299
0.000276778
0.000273299
0.000290276
0.000294118
0.000291206
0.000271592
0.000261643
0.000246002
0.000248077
0.000246002
0.000254907
0.00026001
0.000246548
0.000253165
0.000244379
0.000253807
0.000262674
0.000275028
0.000261712
0.000251699
0.000243665
0.0002457
0.000231589
0.000223714
0.000228624
0.000236855
0.000231054
0.000226091
0.000227583
0.000226091
0.00023359
0.000238892
0.000231
0.00024108
0.000235682
0.000244858
0.000235682
0.000244858
0.000234467
0.000242483
0.000236967
0.000231321
0.000236518
0.000234028
0.000248016
0.000234028
0.000239808
0.000237869
0.000252781
0.000244021
0.000230097
0.000231642
0.000245459
0.000235571
0.000230415
0.000232234
0.000225276
0.000223564
0.000228415
0.000223164
0.000232775
0.000225378
0.000230734
0.000225378
0.000230947
0.000218675
0.000231428
0.000227376
0.000219443
0.000223214
0.000219443
0.000221092
0.000213904
0.000215983
0.00021164
0.000216357
0.000220119
0.000208551
0.000204165
0.000208203
0.00020004
0.000203004
0.00020004
0.000196309
0.000206143
0.000204708
0.000207987
0.000209468
0.000207987
0.000214362
0.00021777
0.000224266
0.000222816
0.000217628
0.00021925
0.000213038
0.00020674
0.000213447
0.000214777
0.00021925
0.000217865
0.00021427
0.000212224
0.00021427
0.000203666
0.00020816
0.000203666
0.0002145
0.000203666
0.000208203
0.000217061
0.000212675
0.000206016
0.00019802
0.000199164
0.000203046
0.000201857
0.00019802
0.00019984
0.000191644
0.000196928
0.000202552
0.000205761
0.00019996
0.000206228
0.000202922
0.000206228
0.000198649
0.000195656
0.000196773
0.000193761
0.000199681
0.000202799
0.000200924
0.000194932
0.000196696
0.000191424
0.000199442
0.000191424
0.000188644
0.000193498
0.000188644
