0.000291036
0.000296296
0.000293772
0.000312793
0.000332116
0.000328731
0.000346861
0.0003367
0.000313283
0.000322893
0.000314564
0.000297
0.000315557
0.000326797
0.000325415
0.000335345
0.000313578
0.000303214
0.00029824
0.000299222
0.000296296
0.000313283
0.000334001
0.000335121
0.000314268
0.000297177
0.000289017
0.000274273
0.000292056
0.000296824
0.00029976
0.00030021
0.000324359
0.000340483
0.000339213
0.000335458
0.000312207
0.000311721
0.000303859
0.00032113
0.000314861
0.000315956
0.000316456
0.000301296
0.000295858
0.000295421
0.00030525
0.000290529
0.000307314
0.000307787
0.000315856
0.000314762
0.000318066
0.000327976
0.000312989
0.000295596
0.000314861
0.000316156
0.000319285
0.000341763
0.000366435
0.000344116
0.000336474
0.000314564
0.000315657
0.000297354
0.000294638
0.000300481
0.000283607
0.000267953
0.00027248
0.000270051
0.000283607
0.00029036
0.000308071
0.00029967
0.000316556
0.000293513
0.000301205
0.000319081
0.000313578
0.000305623
0.000311429
0.000319898
0.000323729
0.000342114
0.000320513
0.000312305
0.000304044
0.000323206
0.000326477
0.000307787
0.000331345
0.000319795
0.000331675
0.000322581
0.000338524
0.000337041
0.000330142
0.000351741
0.000355366
0.000357015
0.000364166
0.000359324
0.000364166
0.00036245
0.000364166
0.000349895
0.000360881
0.000353857
0.000352237
0.000344234
0.000342936
0.000326584
0.000325521
0.000326904
0.000323625
0.000330251
0.000352113
0.000353357
0.000331565
0.00032144
0.000327225
0.000330579
0.000321337
0.000320307
0.000317158
0.000320513
0.000312695
0.000319285
0.000316356
0.000343289
0.000346741
0.000339443
0.000321337
0.000299133
0.00032041
0.000340716
0.000314169
0.000323415
0.000335233
0.000315557
0.000327118
0.000345901
0.000333
0.000334113
0.000311042
0.000294724
0.000302115
0.000296209
0.000293686
0.000289017
0.000280191
0.000285144
0.000293083
0.000309981
0.000309502
0.000292654
0.000287522
0.000287936
0.000286862
0.000281849
0.000284333
0.00030021
0.000284172
0.000286533
0.000273523
0.000289939
0.000294638
0.000292141
0.000276396
0.000261438
0.000269107
0.00026688
0.000285796
0.000295247
0.000290529
0.000282725
0.000269251
0.000266596
0.000268817
0.000266596
0.000268817
0.000266596
0.000278396
0.000294551
0.000285388
0.000294551
0.000286862
0.000286041
0.000291545
0.000291121
0.000295858
0.000279486
0.000280348
0.000276091
0.00027894
0.000270709
0.000271076
0.000263089
0.000265252
0.000252781
0.000258465
0.000262192
0.000246184
0.000251004
0.000245881
0.000242601
0.000248324
0.000251762
0.000251446
0.000253293
0.000253614
0.000249439
0.00025025
0.000249439
0.000249128
0.000261849
0.000275028
0.000280112
0.000277701
0.00027115
0.000272109
0.000268097
0.000270343
0.000267666
0.000272109
0.000267666
0.000268025
0.000272554
0.000270124
0.000279408
0.000277162
0.00027248
0.000263644
0.000267953
0.000255428
0.000260892
0.000266809
0.000255951
0.000256608
0.000258532
0.000252972
0.000240964
0.000243132
0.000240964
0.000243132
0.000248385
0.000244379
0.00024266
0.000253936
0.000266667
0.000253485
0.00025113
0.000254647
0.000253936
0.000261165
0.000249252
0.000251319
0.000250689
0.000239406
0.000241546
0.000242189
0.000247158
0.000241488
0.000242072
0.000243784
0.000243013
0.000242424
0.000237417
0.000241196
0.000244858
0.000241255
0.000236798
0.000242014
0.000240327
0.000245459
0.000245158
0.000244499
0.000260281
0.000244499
0.000245098
0.000252016
0.000245098
0.000245881
0.000245278
0.000243072
0.000248201
0.0002531
0.000247954
0.000248633
0.000244858
0.000243013
0.000254647
0.000249377
0.000251699
0.000252016
0.000249688
0.000249004
0.000260552
0.000260213
0.000262329
0.00027027
0.000266312
0.000267023
0.000266312
0.000253614
0.000253936
0.000248447
0.000251889
0.000248447
0.000261097
0.000265322
0.00026441
0.000262261
0.000254972
0.000255624
0.000261986
0.000264131
0.000258331
0.000254323
0.000242307
0.000243072
0.000232992
0.000243368
0.000241546
0.000231321
0.00023596
0.000231321
0.000234632
0.000231321
0.000232992
0.00023359
0.000228728
0.000233155
0.000227221
0.000231696
0.000227221
0.000230415
