0.000365764
0.000399202
0.000438596
0.00042735
0.000386997
0.000355999
0.000345901
0.000375094
0.000392003
0.000365364
0.000354862
0.000372717
0.000355999
0.000379939
0.000362056
0.000384172
0.000393236
0.000370096
0.000371609
0.000343879
0.000375375
0.000394633
0.000389408
0.000408998
0.000423012
0.000386997
0.000355999
0.000327547
0.000314564
0.000337952
0.000331785
0.000319591
0.000306373
0.000290613
0.00030248
0.000314465
0.000301659
0.000290613
0.000297708
0.000315159
0.000320718
0.000302663
0.000295334
0.000306748
0.000319081
0.000316957
0.000325415
0.000312207
0.000313087
0.000324781
0.000302297
0.000292141
0.000287109
0.000292141
0.000312695
0.000304971
0.000306937
0.000295508
0.000306937
0.00031211
0.0003003
0.00028169
0.000296472
0.000319591
0.000335458
0.000316656
0.000293945
0.000305623
0.000289771
0.000279564
0.000267237
0.000277624
0.000287687
0.000277855
0.000280505
0.000270929
0.000283607
0.000285633
0.000294551
0.000294464
0.000301205
0.000289855
0.000289939
0.000284981
0.000291715
0.000311721
0.000303951
0.000317763
0.000303951
0.000284495
0.000278087
0.000267666
0.000260281
0.000250627
0.000258598
0.000250627
0.000259403
0.000265041
0.000261575
0.000272109
0.000289184
0.000289101
0.000293255
0.00029036
0.000304414
0.000309119
0.000304507
0.00029994
0.000285796
0.00029824
0.000314861
0.000312402
0.00029976
0.000311915
0.000334896
0.000332557
0.000331565
0.000340716
0.000344709
0.000327976
0.000333333
0.000355366
0.000371609
0.000343525
0.000346021
0.000339674
0.000367782
0.000385654
0.000355492
0.000354108
0.000361011
0.000344828
0.000336022
0.000329924
0.000350631
0.000344709
0.000330688
0.000336814
0.000313873
0.000324781
0.000333
0.000339789
0.000340832
0.000320513
0.000325733
0.000322165
0.000340252
0.000339213
0.000340252
0.000331016
0.000325203
0.000312402
0.000296033
0.000289101
0.00029824
0.000311526
0.000306279
0.000300752
0.00030303
0.000303122
0.000300842
0.000312695
0.000322893
0.000335345
0.00034153
0.000372578
0.000365764
0.000364564
0.000372717
0.000358551
0.000358423
0.000336814
0.000319693
0.000336814
0.00034638
0.000376223
0.000376364
0.000355114
0.000345781
0.000332557
0.000336361
0.00033761
0.000335233
0.00033761
0.000319795
0.000334225
0.000310849
0.000323206
0.000325839
0.000331236
0.000328515
0.000328407
0.000314465
0.000334001
0.000335008
0.00035461
0.00034459
0.000332557
0.000309023
0.00030581
0.000313087
0.000324781
0.000328407
0.000315358
0.000305064
0.000315159
0.000329164
0.000314367
0.000291971
0.000307882
0.000323729
0.000309119
0.000298507
0.000295508
0.000298507
0.000295508
0.000302847
0.000290951
0.000293858
0.000305998
0.000300481
0.000293772
0.000293858
0.000305157
0.000293858
0.000285388
0.000289939
0.000275103
0.000294898
0.000308356
0.000300752
0.000314564
0.000297974
0.000297885
0.000319693
0.000316256
0.000310849
0.000310945
0.000310849
0.000290192
0.000279252
0.000285714
0.000274123
0.000284252
0.000293083
0.0003003
0.000299312
0.000301568
0.000308642
0.000298864
0.000287687
0.000277855
0.000272109
0.000272926
0.000278707
0.000283447
0.000270783
0.000266454
0.000268889
0.000272926
0.000271076
0.000288268
0.00029036
0.000306091
0.000298597
0.00030303
0.000287604
0.000281057
0.000279096
0.0002936
0.000288934
0.0002936
0.000298864
0.0002936
0.00029577
0.000291036
0.000284738
0.00028082
0.000284738
0.00030003
0.000284738
0.000284819
0.000294464
0.000284819
0.000293772
0.000292826
0.000305623
0.000311333
0.000312402
0.000309119
0.000312402
0.00030248
0.000289939
0.000287109
0.000294031
0.000293255
0.000278784
0.000281452
0.000275103
0.000288184
0.000303674
0.000314663
0.000314564
0.000314663
0.000309789
0.000315159
0.000294724
0.000295508
0.00029129
0.000277008
0.00027248
0.000278707
0.000276091
0.000269978
0.000275634
0.000269978
0.000279486
0.00027533
0.000267451
0.000271813
0.000279486
0.000269978
0.000276014
0.000271887
0.000270051
0.000274123
0.000269687
0.000265745
0.000271223
0.000263019
0.000273299
0.000267738
0.000271739
0.000267738
0.000267094
0.000271076
0.000274725
0.000270636
0.000271297
0.000270636
0.000267094
0.000271444
0.000275179
0.000269179
0.000269833
0.000269179
0.000277085
0.000269179
0.000269833
0.000271665
0.000254777
0.000259808
0.000267809
0.000256476
0.000260146
0.000259538
0.00027115
0.00026295
0.000262192
0.000257069
0.000264901
0.000257069
0.000257666
0.000258398
0.000262055
0.000252589
0.000251889
0.000258732
0.000248509
0.000244858
0.000249501
0.000250188
0.000245519
0.000242248
0.00024426
0.000242248
0.000249688
0.000249128
0.000252908
0.000245278
0.000245821
0.00024432
