0.000263644
0.000270124
0.000267237
0.000263574
0.000282406
0.000291545
0.000272405
0.000269034
0.000288101
0.000308547
0.000288351
0.000291715
0.000284172
0.000265111
0.000249875
0.000257334
0.000267881
0.00026462
0.000251953
0.000252207
0.000237473
0.000237248
0.000250689
0.000253678
0.000259605
0.000252016
0.000257003
0.000271003
0.000278862
0.000269034
0.000272851
0.000269034
0.000288101
0.00028547
0.000288101
0.000299401
0.000297089
0.00030349
0.00031211
0.000307598
0.000298063
0.000302297
0.00031211
0.000291545
0.000293772
0.00029036
0.000290698
0.000300842
0.000297974
0.000291036
0.000287109
0.000307125
0.000311624
0.000303122
0.000282087
0.000274048
0.000277546
0.000280662
0.000271813
0.000286615
0.00027933
0.000292312
0.000288434
0.000294118
0.000290698
0.000284333
0.000306466
0.000288684
0.000296472
0.000280662
0.000284333
0.000275634
0.000259403
0.000253421
0.000255493
0.000253421
0.000256805
0.000247097
0.000249066
0.000254777
0.000254518
0.000252461
0.000249501
0.000255689
0.000252717
0.000255297
0.000251004
0.000251256
0.000236183
0.000249004
0.000247402
0.000243132
0.000245399
0.000243132
0.000245881
0.0002531
0.000258131
0.00025
0.000242072
0.000237643
0.000252908
0.000246853
0.000251004
0.00023596
0.0002331
0.000247158
0.000263158
0.000272554
0.000263158
0.000272554
0.000257467
0.000262261
0.000275862
0.000277855
0.000261986
0.000269833
0.000275558
0.000273598
0.000260213
0.000263783
0.000269469
0.000263992
0.000256476
0.000241255
0.000241022
0.000241255
0.00024667
0.000238949
0.000251004
0.000241371
0.000244081
0.000238777
0.000240269
0.000237643
0.000244978
0.000244021
0.000245942
0.000241955
0.000230734
0.000218436
0.000222866
0.000226244
0.000231696
0.000229991
0.00023084
0.000227324
0.000227118
0.000222519
0.000226398
0.000239464
0.000234962
0.000231107
0.000225683
0.000232721
0.000235294
0.0002442
0.000230627
0.000228519
0.000242601
0.000244978
0.000238209
0.000224618
0.000229305
0.000228467
0.000223814
0.000224618
0.000222272
0.000220022
0.000227687
0.000220022
0.000222272
0.00023359
0.000229463
0.000218531
0.000221976
0.000225836
0.00022604
0.000236072
0.000244918
0.000253036
0.000248201
0.000237135
0.000234907
0.00023753
0.000241955
0.000239234
0.000234907
0.000239234
0.000235239
0.000232396
0.000237417
0.000248633
0.000250627
0.000265111
0.000263296
0.000265957
0.000251383
0.000243368
0.000251383
0.000243368
0.000245761
0.000245519
0.000245761
0.000236855
0.000239808
0.000236855
0.000234302
0.000236855
0.000234742
0.000236183
0.000227842
0.000232992
0.000232775
0.000235627
0.000233863
0.000223914
0.000226296
0.00022242
0.000225989
0.000227946
0.000234962
0.00023245
0.000227635
0.00023245
0.000232666
0.000238436
0.000231481
0.000235849
0.000228781
0.000239063
0.000233973
0.000236518
0.000233918
0.000233046
0.000233918
0.000236463
0.000234247
0.000224366
0.000219587
0.000223364
0.000225734
0.000222173
0.000221976
0.000220119
0.000225887
0.000221877
0.000225887
0.000224568
0.00022477
0.000226706
0.00022805
0.000222767
0.000222568
0.000221288
0.000222568
0.000222767
0.000228415
0.000222519
0.000217155
0.000216967
0.000215193
0.000215378
0.000218723
0.0002151
0.000216873
0.000213584
0.000215424
0.000213265
0.000213083
0.000213265
0.000213083
0.000213265
0.000214731
0.000213538
0.000222568
0.000220702
