0.000314663
0.000308928
0.000302115
0.000293686
0.00030722
0.000298329
0.000285551
0.00028177
0.000280662
0.000272926
0.000272926
0.000293341
0.000292141
0.000296824
0.000302115
0.000311236
0.000322685
0.000317763
0.000322581
0.000316556
0.000307125
0.000312793
0.000310655
0.000320102
0.000347584
0.000336474
0.000312207
0.000334448
0.000345423
0.00036245
0.000369686
0.000403551
0.000405844
0.000398883
0.000413223
0.000448632
0.000469925
0.000457457
0.000430663
0.000428082
0.000428082
0.000437063
0.000426076
0.000426076
0.000394011
0.000397456
0.000407
0.000407
0.000400481
0.000402739
0.000409836
0.000386548
0.000355366
0.000326691
0.000316256
0.000296296
0.000294377
0.000294377
0.000281215
0.000277008
0.000289771
0.000282646
0.000278862
0.000285796
0.000278862
0.000274725
0.000292654
0.000292654
0.000272331
0.000282406
0.000281294
0.000279564
0.000291121
0.00031211
0.00031746
0.000322997
0.000348918
0.000361141
0.000333444
0.000327547
0.000329924
0.000354862
0.000348918
0.000322893
0.000301205
0.00028885
0.000309502
0.000300661
0.000307409
0.000293083
0.000294291
0.00031506
0.000312891
0.000311526
0.000316857
0.000331126
0.000324781
0.000334225
0.00031027
0.000305157
0.00031027
0.000307977
0.00030931
0.00032352
0.000327761
0.000322789
0.000315358
0.000317763
0.000305064
0.000296296
0.000294204
0.000298329
0.00031746
0.000296384
0.000284414
0.000288351
0.000296648
0.000286944
0.000270416
0.000267523
0.000269107
0.000272628
0.000269469
0.000273748
0.000263922
0.00026062
0.000256739
0.000266454
0.000276091
0.000279174
0.000281057
0.000294118
0.000283206
0.000291036
0.000292912
0.000301841
0.00029985
0.000297708
0.00028082
0.00028082
0.00027972
0.00028082
0.000277701
0.00028082
0.000277701
0.000267165
0.000271444
0.000281452
0.000276855
0.000279955
0.000273299
0.000276549
0.000276549
0.000276549
0.000278396
0.000277316
0.000270197
0.000281373
0.000278242
0.000282885
0.000287604
0.000288767
0.000277008
0.000267308
0.000267308
0.000268312
0.00027933
0.000278242
0.000298775
0.00029753
0.000298775
0.000286205
0.000282326
0.000282326
0.000301932
0.000306373
0.000300933
0.000302939
0.000304229
0.000302206
0.0002936
0.000280584
0.000276855
0.000273598
0.000276625
0.000279955
0.00028169
0.000289436
0.000293513
0.000285063
0.000283286
0.00026476
0.000263783
0.000274424
0.000267451
0.000257334
0.000254518
0.000254518
0.000251509
0.000261165
0.000277316
0.000275634
0.000279252
0.000275634
0.000276702
0.000280034
0.000276702
0.000280034
0.000289268
0.000291121
0.000296209
0.00029274
0.000296824
0.000296824
0.000277855
0.000273448
0.000277855
0.000274574
0.000266241
0.000262123
0.000267237
0.000267237
0.000257136
0.000253614
0.000252207
0.000267738
0.000262605
0.000262605
0.000267738
0.000271223
0.000270197
0.000282326
0.000282326
0.0002936
0.000289017
0.000271003
0.000272035
0.000262329
0.000247831
0.00024919
0.000251699
0.000250188
0.0002457
0.000255102
0.000252016
0.000252016
0.00025582
0.000259403
0.000259403
0.00025582
0.000259403
0.000256739
0.000258198
0.000261438
0.000258198
0.000261849
0.000263505
0.000263505
0.000259808
0.000258198
0.000256739
0.000259403
0.000259403
0.000255493
0.000255493
0.000261301
0.000251446
0.000254518
0.000251509
0.000257666
0.000255037
0.000251572
0.0002531
0.000243309
0.000243309
0.0002457
0.000243309
0.0002457
0.0002457
0.0002457
0.000244379
0.000244379
0.0002457
0.000243309
0.0002457
0.000244858
0.000246184
0.000244858
0.000250815
0.00025355
0.00025355
0.000252016
0.00025582
0.000252016
0.00025582
0.000252016
0.000259471
0.000253229
0.000250689
0.000248016
0.000252589
0.000255363
0.000252589
0.000256082
0.000257666
0.000252016
0.000250501
0.000260078
0.000261028
0.000259538
0.00025
0.000252717
0.00025413
0.000252717
0.00025413
0.000249501
0.000250878
0.000254647
0.000251889
0.000250501
0.000252016
0.000249004
0.000245399
0.000247831
0.000245399
