0.000273149
0.000269614
0.000273448
0.000278862
0.000277393
0.000278862
0.000281452
0.000276396
0.000279877
0.000268456
0.000265252
0.000263922
0.000256937
0.000263992
0.000278087
0.000265182
0.000261575
0.000268817
0.000254453
0.000263922
0.000256937
0.000244738
0.000255493
0.000267451
0.000275028
0.00027248
0.000260078
0.000274348
0.000280112
0.000267237
0.00027049
0.000286369
0.000299401
0.000282486
0.000274499
0.00026688
0.000263713
0.000277239
0.000267094
0.0002574
0.00026062
0.00027137
0.000276243
0.000261165
0.000251193
0.000265111
0.000280584
0.000276855
0.000280348
0.000276855
0.000263366
0.000266525
0.000274725
0.000261986
0.00026434
0.000265957
0.000252207
0.000265675
0.000251699
0.000255037
0.000252845
0.000240211
0.000229148
0.000236798
0.000247647
0.000246853
0.000258131
0.000259
0.000264901
0.00025974
0.000273973
0.000270124
0.00027571
0.000269324
0.000259471
0.000270124
0.000267738
0.000270124
0.000262192
0.000276778
0.000273373
0.000268168
0.000275862
0.00026476
0.000262467
0.000264831
0.000251509
0.000246853
0.000257865
0.000248139
0.000263227
0.000251509
0.00026441
0.000265745
0.000258598
0.000256345
0.000263366
0.000250564
0.000253872
0.000258532
0.000246731
0.000240558
0.000253036
0.000255232
0.000258398
0.000247341
0.000245278
0.000244141
0.000248694
0.000244738
0.000251636
0.00025582
0.000258799
0.000266596
0.000268962
0.000263644
0.000271003
0.000267738
0.000259943
0.000276167
0.000291036
0.000272702
0.000258532
0.000256739
0.000252143
0.000237643
0.000241721
0.000243309
0.000248509
0.000258264
0.000255102
0.000251762
0.000238209
0.000251762
0.000244798
0.000243191
0.000238209
0.000244738
0.000257998
0.000246245
0.000248324
0.000254907
0.000270856
0.000263505
0.000264831
0.000254582
0.000250063
0.000254582
0.000266241
0.000268168
0.000256345
0.000254194
0.00026617
0.000258465
0.000261712
0.000259875
0.000245158
0.000256016
0.000244918
0.000243546
0.000245519
0.000248694
0.000264201
0.000265816
0.000264201
0.000262881
0.000249439
0.00023912
0.000240442
0.000227531
0.000232992
0.000240674
0.000230044
0.000229358
0.000230044
0.000231481
0.000220751
0.000219106
0.000224669
0.000237248
0.000225175
0.000234962
0.000232342
0.000234962
0.000231107
0.000219154
0.000216076
0.000219635
0.000220556
0.000211909
0.000217061
0.000219202
0.000223414
0.000222074
0.000230894
0.000223814
0.000218293
0.000216169
0.000215285
0.000216544
0.000212585
0.000219684
0.000222866
0.000221239
0.000217628
0.000212857
0.000216826
0.000218436
0.000223464
0.000221092
0.000224618
0.000225581
0.000224417
0.000218914
0.000221239
0.000218103
0.000217202
0.00021561
0.000218675
0.000219587
0.000220702
0.000213538
0.000210615
0.000212134
0.000211282
0.000209776
0.000210615
0.000209776
0.000210615
0.000216873
0.000215983
0.000219058
0.000214225
0.000222668
0.000214225
0.000215796
0.0002096
0.000216497
0.000213493
0.000214362
0.000215889
0.000213493
0.000205931
0.000213538
0.000208899
0.000208073
0.00021263
0.000205973
0.000208203
0.000203832
0.000205719
0.000208507
0.000205719
0.000206526
0.000204625
0.000201694
0.000204792
0.000201694
0.000204374
0.000209161
0.000207684
0.000202963
0.000205931
0.000203211
0.000207987
0.000203211
0.000205086
0.000203211
0.000205086
0.000203211
