0.000316957
0.000320307
0.000308642
0.000308166
0.000305064
0.000307598
0.000308642
0.000331236
0.00035014
0.000331236
0.000329924
0.000333556
0.000342936
0.000367782
0.000342349
0.000333
0.000329272
0.000311429
0.000311333
0.000327225
0.000345066
0.000327225
0.000327332
0.000326158
0.000335121
0.000335008
0.00033557
0.00031348
0.000308071
0.000321337
0.000322581
0.000307125
0.000294985
0.000309885
0.000307314
0.000317058
0.000313775
0.000293686
0.000312695
0.000312793
0.000290867
0.000275028
0.000272777
0.000275028
0.000267666
0.000276167
0.000288767
0.000276167
0.000261917
0.000271739
0.000273748
0.000267738
0.000276472
0.000261506
0.000256016
0.000267953
0.00025974
0.000269107
0.000273898
0.000264201
0.000263852
0.000263019
0.000270856
0.000271665
0.000269469
0.000264831
0.000276243
0.00026434
0.000268962
0.000267023
0.000282406
0.000301841
0.000312989
0.00029274
0.000295334
0.000285633
0.000276319
0.000276702
0.000263992
0.000280348
0.000282486
0.000285225
0.000283046
0.000270563
0.000255297
0.000260756
0.000253485
0.000248324
0.000251826
0.000249938
0.000256345
0.000246488
0.000251572
0.000246488
0.000233372
0.000239521
0.000233372
0.000243013
0.000244978
0.0002457
0.000243724
0.000239923
0.000244738
0.000253036
0.000252334
0.00025227
0.00026001
0.000260078
0.000251319
0.00026448
0.000269107
0.000275179
0.000287687
0.000302847
0.000302755
0.000285633
0.000276319
0.000270197
0.000285388
0.000277469
0.000274876
0.000282646
0.000274876
0.000277162
0.00026469
0.000253036
0.000268528
0.00028169
0.00026469
0.000267094
0.000253743
0.000260349
0.000272405
0.000259875
0.000274876
0.000273973
0.000286205
0.000270416
0.00026455
0.000253165
0.000258532
0.000248509
0.000238209
0.000238265
0.000232721
0.000244499
0.000246488
0.000237248
0.000236967
0.000237586
0.000246853
0.0002331
0.000246853
0.000247158
0.000262743
0.000258331
0.000245218
0.00025355
0.000251446
0.000238834
0.000244678
0.000239866
0.000226809
0.000240558
0.000244379
0.000235294
0.000233427
0.000222717
0.000223314
0.000224669
0.000236407
0.000249875
0.000262812
0.000246488
0.000257732
0.000265816
0.000265041
0.000257003
0.000264831
0.00026448
0.00026688
0.000272851
0.00026455
0.000258933
0.000255232
0.000241604
0.000241896
0.000234082
0.000238663
0.000226347
0.000234742
0.000237869
0.000236183
0.000230734
0.000232342
0.000230734
0.000237192
0.00024888
0.000237192
0.00024888
0.000239464
0.000237925
0.000250188
0.000255428
0.000256148
0.000245038
0.000240211
0.00025
0.000251699
0.000267953
0.000267165
0.000253743
0.000243665
0.000242072
0.000230574
0.000240385
0.000241955
0.000240385
0.000235738
0.000236351
0.00022686
0.000232937
0.000240674
0.00023872
0.000227998
0.000236798
0.000229305
0.000230894
0.000227946
0.000238949
0.000240906
0.000231803
0.000234852
0.000231803
0.000225632
0.000234247
0.00023359
0.000235073
0.000233209
0.000237756
0.000234137
0.00023596
0.000234137
0.000234082
0.000238663
0.000240616
0.000247158
0.000245098
0.000254842
0.00026455
0.000276472
0.000270343
0.000271223
0.000257136
0.000251826
0.000260892
0.000251446
0.000257931
0.000250501
0.00024975
0.000243072
0.000233809
0.000235682
0.000239349
0.000226398
0.000221386
0.000221976
0.000220653
0.000227894
0.000226347
0.000223065
0.000228938
0.000223065
0.000226347
0.000225785
0.000231
0.000222965
0.000224618
0.000225175
0.000217202
0.00021725
0.000216685
0.000218103
0.000222074
0.000221828
0.00022242
0.000218436
0.000217865
0.000219154
0.000223164
0.000221828
0.000222074
0.000218103
0.00021173
0.000217014
0.000213995
0.00021263
0.000219925
0.000218293
0.000224065
0.000216497
0.000215983
0.000223514
0.000215983
0.000217391
0.000217912
0.000217391
0.00022007
0.000218627
0.000215983
0.000216544
0.000220459
0.000216544
0.000217061
0.000216544
0.000217817
0.000212359
0.000215332
0.000210793
0.000212134
0.000210793
0.0002145
0.000217108
0.000225073
0.000224467
0.000225023
0.000223364
0.000223964
0.000229095
0.000229043
0.000226142
0.000226193
0.000222916
0.000218914
0.000218341
0.000222321
0.000218341
0.00021978
0.000218341
0.000218914
