0.000375516
0.00035014
0.000338639
0.000332668
0.000308261
0.000305064
0.000319285
0.000343407
0.000347464
0.000322581
0.000329272
0.000313676
0.000313676
0.000293427
0.000284495
0.00030349
0.000284495
0.000265463
0.000261097
0.000263713
0.00026824
0.000281136
0.000293341
0.000281294
0.00026434
0.000279877
0.000267666
0.000272257
0.000257533
0.000248077
0.000242601
0.000251636
0.000268456
0.000272331
0.00026178
0.000263505
0.000263505
0.000269978
0.00026441
0.000258198
0.00024728
0.000260281
0.000267165
0.000275028
0.000272183
0.000284495
0.000274876
0.000281928
0.000277778
0.000272926
0.000255558
0.000247525
0.000247525
0.000246002
0.000234357
0.00024266
0.000253293
0.000256739
0.000258398
0.000254259
0.00026441
0.000269687
0.000267881
0.000265463
0.000258131
0.000248756
0.000261917
0.000251446
0.000253614
0.000242954
0.000252717
0.00025974
0.000264131
0.000276625
0.000273
0.000268889
0.000283607
0.000277778
0.00027972
0.000283527
0.000268168
0.000277624
0.000265887
0.000257202
0.000246366
0.000240964
0.000254453
0.000242014
0.000247463
0.000263296
0.000256082
0.000271961
0.000277855
0.000271961
0.000289101
0.000273823
0.000271297
0.000280978
0.000291036
0.000280662
0.000280662
0.00027571
0.000258398
0.000260688
0.000265041
0.00026137
0.000263713
0.00026137
0.000273748
0.000257666
0.000261986
0.000252016
0.000248016
0.000250125
0.000255102
0.000265887
0.000268601
0.00027972
0.000266809
0.000272183
0.000268673
0.000284091
0.00026738
0.000271444
0.000284657
0.000278784
0.000282965
0.000278552
0.000272628
0.000272628
0.000268025
0.00028401
0.000289268
0.00028401
0.000279799
0.000292141
0.000288934
0.000281532
0.000286615
0.000274123
0.00028401
0.000282008
0.00029824
0.000311818
0.000293341
0.00027933
0.000276702
0.000269324
0.000264831
0.000272554
0.000279955
0.000270636
0.000273149
0.000285551
0.000293858
0.000280741
0.000265111
0.000263366
0.000265111
0.000270416
0.000280034
0.000280034
0.000286287
0.00030722
0.000295683
0.000314465
0.000300661
0.000283447
0.000265534
0.000258732
0.00024919
0.000255493
0.000255493
0.000264061
0.000261712
0.000249128
0.000241488
0.000255167
0.0002574
0.000272851
0.000262055
0.000270783
0.000262055
0.000253614
0.000251446
0.000249314
0.000251699
0.000265745
0.000263089
0.000258065
0.000269978
0.000271813
0.000278707
0.000273823
0.000276702
0.000289436
0.000275786
0.000281532
0.000279564
0.000272183
0.000269397
0.000271223
0.000274048
0.000278087
0.000283046
0.000275938
0.000275938
0.000270416
0.000281928
0.000270416
0.000283527
0.000288101
0.000286041
0.000305998
0.000297
0.000299222
0.000295858
0.000278552
0.000282326
0.000289771
0.000284576
0.000282566
0.000282566
0.000266028
0.000251193
0.000240848
0.00024975
0.000257931
0.000262261
0.000277546
0.000269542
0.00026062
0.0002574
0.000259673
0.000269906
0.000266099
0.000271444
0.000261097
0.000262812
0.000257798
0.000266525
0.000270343
0.000259943
0.000268817
0.000267023
0.000277855
0.000268384
0.00027115
0.00027115
0.00027115
0.000268673
0.000258532
0.00026178
0.000258532
0.000269034
0.000253485
0.000251067
0.000253229
0.000256345
0.000248262
0.000248262
0.000256345
0.00024325
0.000244738
0.00024325
0.000249252
0.000247709
0.000244798
0.000247097
0.000239578
0.000241022
0.000242483
0.000241022
0.000242483
0.000241022
0.00022899
0.00022899
0.000227015
0.000219106
0.000212089
0.000213812
0.00021725
0.000213812
0.000225276
0.000222074
0.000223314
0.000225734
0.000223814
0.000221435
0.000226809
0.000221435
0.000224568
0.000227015
0.000225734
0.00023218
0.000227376
0.000230734
0.000227376
0.000224165
0.000222469
0.000230203
0.000222469
0.000228938
0.000222469
0.000227066
0.000224618
0.000231214
0.000234632
0.000236518
0.000232234
0.00023359
0.000230574
0.000234028
0.000243309
0.000239578
0.000230574
0.000232612
0.000236686
0.000235294
0.000238892
0.00022604
0.000224115
0.000228102
0.000228102
0.000230627
0.000224065
0.00022041
0.000223564
0.00022041
0.000221631
0.000224417
0.000222717
0.000221484
0.000225175
0.000222025
0.000222025
0.000222025
0.000222025
0.000219443
0.000220653
0.000219443
0.000220653
0.000217108
0.000218723
0.000220361
0.000217297
0.000219106
0.000217912
0.000216123
0.000219154
0.000214869
0.000213311
0.000215054
0.000213311
0.000216732
0.000213311
0.000215054
0.000213311
0.000215054
