0.000349162
0.000351865
0.000379651
0.000351865
0.000375235
0.000350385
0.00035791
0.000374953
0.000358809
0.000334672
0.000331675
0.000342936
0.000329489
0.00032352
0.000331675
0.000308547
0.000312305
0.000321027
0.000321647
0.000313972
0.000313381
0.000312793
0.000303582
0.000304136
0.000295159
0.000303951
0.00030349
0.000323939
0.000337952
0.000311624
0.000297442
0.000318269
0.000302389
0.000284495
0.000305064
0.000297177
0.000308071
0.000298954
0.000279174
0.000266028
0.000277316
0.000285225
0.000280426
0.000288268
0.000293341
0.000308452
0.000298507
0.000298954
0.000288018
0.000280112
0.00029577
0.000311624
0.00029163
0.000310463
0.000294724
0.000291375
0.000289101
0.000291375
0.000290951
0.000298507
0.000302024
0.00030248
0.000307692
0.000293858
0.00028393
0.000286123
0.0003003
0.000298329
0.000322373
0.00034188
0.00032113
0.000337724
0.000350508
0.000330033
0.00031746
0.000316957
0.000335233
0.000324359
0.000315457
0.000317662
0.000302939
0.000294291
0.000294724
0.000289603
0.000294724
0.000301477
0.000299043
0.000308071
0.000305998
0.000305437
0.000327439
0.00033761
0.000326797
0.000348311
0.000367647
0.000345781
0.000342583
0.000336134
0.000339213
0.000336134
0.000318269
0.000318878
0.000329056
0.000332005
0.000325521
0.000316056
0.000328515
0.000327869
0.000337496
0.00032113
0.000327011
0.000338066
0.000349773
0.000350508
0.000326691
0.000313578
0.000296033
0.000287522
0.00027972
0.000292826
0.000300481
0.00030003
0.000319285
0.000313676
0.000305344
0.000307882
0.000322893
0.000318878
0.000316156
0.000316756
0.000329272
0.000316756
0.000318979
0.00031837
0.000328731
0.000329381
0.000349773
0.000330688
0.000352734
0.000365631
0.000383583
0.000380373
0.000351
0.000329164
0.000338868
0.000354108
0.000356888
0.000343643
0.000330033
0.000351989
0.000334225
0.00032352
0.000329489
0.000304414
0.000315657
0.000326797
0.000326158
0.000352113
0.000342936
0.000364431
0.0003367
0.000333667
0.00032
0.000338066
0.000337382
0.00036523
0.000366032
0.00035868
0.00033456
0.000320924
0.000323729
0.000312793
0.000339328
0.000339905
0.000365764
0.000344116
0.000344828
0.000324992
0.000324359
0.000336134
0.000312402
0.000312989
0.0003125
0.000312989
0.000336814
0.000333778
0.000336814
0.000325945
0.000336814
0.000343761
0.000322789
0.000312695
0.000297796
0.000288517
0.000275255
0.000282885
0.000293513
0.000311915
0.00029994
0.00029753
0.000297
0.000289519
0.000298864
0.000303951
0.000318573
0.000312989
0.000298864
0.000307314
0.00029824
0.000307125
0.00029824
0.000300661
0.000309981
0.000318573
0.000326477
0.000304044
0.000295247
0.000286123
0.000306937
0.000306466
0.000304414
0.000298954
0.000316857
0.000320821
0.000331126
0.000344828
0.00031746
0.000320205
0.000300842
0.000301386
0.000312695
0.000330469
0.000332889
0.000324675
0.0003125
0.000293427
0.000298329
0.000290782
0.000288934
0.000286697
0.000278707
0.000276625
0.000278707
0.00028082
0.000263296
0.000270343
0.000268384
0.000266454
0.000275862
0.000269397
0.000271003
0.000282725
0.000275558
0.000266738
0.000256279
0.000256608
0.000250376
0.000255951
0.000255624
0.000262123
0.000280505
0.000266383
0.000275179
0.000288268
0.000280426
0.000292997
0.000292483
0.000294811
0.000304507
0.000304971
0.000307503
0.000296824
0.000307503
0.000326477
0.00031746
0.000327654
0.00032175
0.000328084
0.000315657
0.000311818
0.000289268
0.000281215
0.00026824
0.000275634
0.000263644
0.000253421
0.000269614
0.000262674
0.000265393
0.000271665
0.000269687
0.000256608
0.000258398
0.000262192
0.000273
0.000286041
0.000279096
0.000274499
0.000265957
0.000263227
0.000279408
0.000279877
0.000263644
0.000275255
0.000284576
0.000272851
0.00026096
0.000257202
0.000263783
0.000270783
0.000282326
0.000280191
0.000272554
0.000261165
0.000260756
0.000261165
0.000260756
0.000266809
0.00027115
0.000271592
0.000269614
0.000273748
0.000262881
0.000262467
0.000265182
0.000249501
0.0002442
0.000245821
0.000240096
0.000236686
0.000242365
0.00024079
0.000247954
0.000241488
0.000247402
0.000241488
0.000243072
0.000237361
0.000247036
0.000254388
0.000254001
0.000246488
0.000259808
0.000263922
0.00026434
0.000263992
0.000255951
0.000262605
0.000260756
0.000256739
0.000258532
0.000252143
0.000258532
0.000263713
0.000264061
0.000262536
0.000259875
0.00027049
0.000256082
0.000258665
0.000258331
0.000248633
0.000254453
0.000255885
0.000253357
0.000251636
0.000253357
0.000253678
0.000246366
0.000259673
0.000261506
0.000259673
0.000254647
0.000260417
0.000263089
0.000260417
0.000260824
0.000254259
0.000256805
0.000254259
0.000253872
0.00025641
0.000256805
0.000254259
0.000256805
0.000256476
0.000250564
0.000250878
0.000248447
0.000252207
0.000248447
0.000248077
0.000248447
0.000254712
0.000248447
0.000255297
0.000257069
0.000255297
0.000248447
0.000248077
0.000255493
0.000247402
0.000253165
0.00025355
0.00024777
0.000249439
0.000249066
0.000249439
0.000237135
0.000236798
0.0002442
0.000240906
0.000241255
0.000240906
0.0002442
0.000244559
