0.00030722
0.000317662
0.000297265
0.000303214
0.000286041
0.000289184
0.000306748
0.00030303
0.000284738
0.000295247
0.000281928
0.000273673
0.000270856
0.000273823
0.000268962
0.00026434
0.000280348
0.000277239
0.000279564
0.000292654
0.000301023
0.000296648
0.000280191
0.000301205
0.000309023
0.000330688
0.000317058
0.00031407
0.000317864
0.000311624
0.000318066
0.000311624
0.000332116
0.000340716
0.000345423
0.00032041
0.000296736
0.0002886
0.000275862
0.000278164
0.000289855
0.000286697
0.000283607
0.000288934
0.000292141
0.000287191
0.000302572
0.00029577
0.0003003
0.000304785
0.000289184
0.000277546
0.000261165
0.000270343
0.000273
0.000263992
0.000258264
0.000269324
0.000283046
0.000277932
0.00028393
0.000271665
0.000268889
0.000285144
0.000304785
0.000286287
0.000295334
0.000284414
0.000270563
0.000265675
0.000270343
0.000281373
0.000284414
0.000279252
0.000285959
0.000282725
0.000290276
0.000287274
0.000290276
0.000303859
0.000299401
0.00032352
0.000330251
0.000308642
0.00032457
0.000319285
0.000328084
0.000324886
0.000338639
0.00033456
0.000342349
0.000345901
0.000342349
0.000318776
0.000312012
0.000336587
0.000332336
0.000336361
0.000324675
0.000331785
0.000335121
0.000331785
0.000352485
0.000381534
0.00036036
0.000367107
0.000362319
0.000342583
0.000348432
0.000373134
0.000350018
0.00034002
0.000316756
0.000308547
0.000303951
0.000310366
0.000304136
0.000316656
0.000325309
0.000310655
0.000293341
0.000282965
0.000275786
0.000292912
0.000305904
0.00029967
0.000314762
0.000334896
0.000329489
0.000336814
0.00034118
0.000351247
0.000356252
0.000337041
0.000354484
0.000349773
0.000325627
0.000310849
0.000314564
0.00032144
0.000307125
0.000303582
0.000309693
0.000302572
0.000295072
0.00027933
0.000287936
0.000291121
0.000293686
0.000282885
0.000277778
0.000275482
0.000288184
0.000281373
0.000285307
0.000289352
0.000273673
0.000257202
0.000254712
0.000257069
0.000267666
0.000270416
0.000285714
0.00028177
0.000278784
0.000286369
0.00029129
0.000288268
0.000284252
0.000276778
0.000271813
0.000264131
0.000267594
0.000264131
0.000270709
0.000259471
0.00026688
0.000271592
0.000257732
0.000266312
0.000283366
0.000278707
0.000281532
0.000269833
0.000267237
0.000270783
0.000277932
0.000261506
0.000266809
0.000261506
0.000267165
0.000262743
0.000258131
0.000251193
0.000255428
0.000251193
0.000265322
0.000269833
0.00027248
0.000267738
0.000273299
0.000270636
0.000267738
0.000264271
0.00027027
0.000273075
0.000283126
0.000279096
0.000284333
0.000277085
0.000279408
0.000273
0.000275862
0.000279799
0.000261575
0.000259538
0.000262881
0.000249004
0.000260485
0.000257931
0.000243724
0.000245519
0.000255167
0.000250313
0.000262123
0.000257666
0.000263366
0.00026001
0.000276243
0.00026001
0.00027027
0.000273898
0.000266951
0.000264831
0.000262192
0.00025355
0.000256016
0.000257998
0.000273224
0.000276932
0.000273075
0.000276091
0.000278862
0.000285551
0.000274123
0.000271887
0.000269107
0.000273898
0.000267953
0.000265393
0.000267953
0.000270709
0.000266028
0.000270709
0.000275634
0.000269397
0.00026062
0.000263227
0.000260756
0.00026824
0.000270416
0.000267666
0.000255363
0.000269978
0.000266454
0.000269978
0.000267094
0.000283126
0.000287936
0.00028393
0.000277316
0.000280269
0.000275179
0.000270343
0.000275406
0.000271003
0.00027465
0.000279174
0.000263574
0.000267165
0.00025974
0.000256345
0.000267308
0.000265182
0.000251067
0.000253357
0.000259605
0.000262329
0.000259
0.000247647
0.000238209
0.000236183
0.000239063
0.000241138
0.000244021
0.000241779
0.000229779
0.000234137
0.000225989
0.000223514
0.00022686
0.000228833
0.000226757
0.000229305
0.000227324
0.000229305
0.000227428
0.0002331
0.000230468
0.000224921
0.000228258
0.000226296
0.000227842
0.000225887
0.000230256
0.00023218
0.000230256
0.000225887
0.000227946
0.000226398
0.000223065
0.000224871
0.000226809
0.000223514
0.000221729
