0.000297974
0.000286287
0.000287439
0.000298151
0.000277469
0.000287026
0.000309215
0.000295334
0.000297796
0.000287109
0.000284819
0.000283849
0.000301205
0.000315657
0.000318471
0.000336361
0.000340948
0.000371609
0.000349895
0.0003465
0.00035791
0.000345543
0.000356888
0.000364033
0.000352237
0.000363901
0.000344828
0.000327332
0.000338409
0.000334336
0.000313087
0.000316656
0.000293427
0.000285714
0.000276243
0.000272109
0.000265534
0.000280269
0.000279018
0.000276549
0.000283768
0.000286369
0.000296209
0.000281373
0.000273673
0.000272628
0.000282247
0.000292141
0.000293341
0.000285633
0.000293341
0.000277239
0.000284495
0.000267237
0.000274574
0.000285959
0.000276472
0.000292483
0.000310945
0.000329164
0.000330907
0.00034459
0.000361272
0.000339443
0.000318066
0.000298775
0.000297354
0.00031348
0.00031211
0.000308642
0.000290444
0.000276549
0.000269687
0.000270563
0.000282406
0.000273448
0.000287026
0.000283768
0.00029753
0.000306654
0.000292056
0.00028177
0.000284981
0.00028177
0.000298864
0.000287356
0.000289687
0.000297619
0.000306279
0.000319693
0.000323834
0.00030931
0.000295159
0.00029274
0.000278629
0.000288684
0.000280584
0.000281849
0.000263852
0.000276855
0.000289017
0.000281532
0.000289017
0.00027933
0.000280426
0.000273373
0.000276091
0.000278242
0.000277162
0.000262605
0.000252525
0.000246792
0.000250188
0.000261028
0.000268025
0.000265745
0.000280899
0.000268384
0.000270709
0.000263574
0.000262743
0.000279955
0.000269614
0.000268601
0.00026469
0.000265675
0.000272331
0.000276472
0.000292483
0.000293513
0.00027894
0.000271739
0.000265111
0.000263158
0.000254777
0.000260892
0.000279096
0.000261986
0.000248756
0.000243191
0.000253421
0.000265041
0.000258732
0.000267023
0.000273973
0.000266667
0.000273373
0.00027248
0.000284252
0.0002918
0.000287191
0.000274123
0.000271739
0.000268817
0.000262329
0.000279486
0.000283849
0.000272109
0.000274198
0.000281294
0.000277008
0.000291375
0.000289017
0.000290192
0.000276319
0.000263366
0.000275406
0.000266596
0.000273898
0.000256345
0.000250501
0.000244858
0.000254518
0.000260552
0.00024975
0.0002442
0.000249813
0.0002442
0.000252461
0.000253229
0.000259269
0.000244439
0.000235516
0.00024266
0.000241955
0.00024266
0.000255037
0.00025413
0.00026617
0.000276243
0.00027933
0.000269034
0.000276472
0.000269034
0.00028169
0.000284252
0.000286533
0.000284252
0.000285388
0.000277469
0.000265182
0.000271813
0.000275938
0.000274876
0.000265111
0.000256608
0.000250501
0.000259202
0.000261097
0.000267523
0.000254065
0.000260349
0.000259269
0.000260213
0.000271887
0.000267881
0.000256542
0.000254194
0.000248385
0.000250627
0.000248385
0.000254712
0.000265182
0.000267738
0.000274499
0.000273448
0.000263783
0.000270929
0.000256805
0.000260485
0.000258065
0.000269614
0.000268601
0.000269614
0.000270636
0.00028082
0.000273149
0.000271076
0.000273149
0.000270783
0.000264201
0.0002574
0.000271592
0.000282087
0.000289603
0.000282087
0.000289603
0.000281849
0.000296296
0.000295247
0.000287439
0.000288767
0.000275028
0.000262192
0.000263019
0.000271592
0.000270709
0.000261028
0.000268025
0.000270343
0.000259471
0.000256805
0.000259202
0.00027137
0.000261849
0.000255167
0.000244798
0.000245519
0.000233863
0.00022748
0.000236407
0.000233372
0.000232721
0.000239693
0.000253936
0.000239693
0.000240385
0.000243605
0.000238265
0.000235183
0.000228467
0.000230574
0.00022041
0.000218866
0.000221533
0.000228311
0.000239234
0.000228311
0.000219635
0.000224115
0.000221386
0.000225989
0.000227635
0.000223015
0.000222321
0.000232829
0.000227946
0.000235294
0.000228102
0.000232937
0.00023596
0.000236742
0.000234742
0.00023175
0.000226912
0.000229779
0.000225073
0.000232072
0.000241196
0.000247158
0.000254453
0.000244141
0.000237417
0.000246305
0.000238436
0.000235349
0.000237361
0.000244081
0.000232558
0.000231803
0.000232558
0.000230627
0.000229991
0.000222965
0.00022477
0.000219829
0.000224316
0.000219829
0.000212224
0.000218007
0.00022604
0.00023084
0.000229148
0.000223214
0.000227894
0.000219732
0.000220313
0.000221877
0.00022119
0.000221877
0.00022119
0.000220604
0.000225327
0.000223514
0.000226296
0.000231535
0.000226552
0.000228415
0.000226552
0.000227273
0.000219684
0.000214961
0.000215517
0.000212993
0.00021725
0.000216685
0.00021725
