0.000282008
0.000269397
0.000272628
0.000286862
0.000281452
0.000272109
0.000291886
0.000288351
0.000288684
0.000296121
0.00029994
0.00028082
0.000267738
0.000267165
0.000279252
0.000265745
0.000262398
0.000267165
0.000279955
0.000273299
0.000258732
0.000269469
0.000270051
0.00027027
0.000280269
0.000297885
0.000306185
0.000329056
0.000315358
0.000295683
0.00031407
0.000333222
0.000312598
0.00031736
0.000326371
0.000339905
0.000338983
0.000339905
0.000354988
0.000340252
0.000322477
0.000317965
0.000313676
0.000339674
0.000318269
0.000325203
0.000344709
0.000349773
0.000348797
0.000349773
0.00032175
0.00030656
0.000326371
0.000325945
0.000325627
0.000303214
0.000297177
0.000303214
0.000297089
0.000296384
0.000314861
0.000306091
0.000306373
0.000295072
0.000307031
0.00029146
0.000284252
0.000287853
0.000287604
0.000276549
0.000272926
0.000269833
0.000276319
0.000289603
0.000273898
0.000288517
0.000269542
0.000273075
0.000276243
0.000276855
0.000277085
0.000264901
0.000283206
0.000269107
0.000286615
0.000283206
0.000290698
0.000279955
0.000271444
0.000281532
0.000274499
0.000274876
0.000281928
0.000269542
0.000257666
0.000257467
0.000260281
0.000272035
0.000259134
0.000254712
0.000254194
0.000263505
0.000268312
0.000283366
0.000265041
0.000278552
0.000291036
0.000290613
0.000279877
0.00027465
0.000274876
0.000289352
0.000282247
0.00028777
0.000288101
0.000278087
0.000293169
0.00028169
0.000269469
0.000272628
0.00025974
0.00026434
0.000261438
0.000272926
0.000268025
0.00026462
0.000278087
0.000288101
0.000274952
0.00028169
0.000281452
0.000285307
0.000273299
0.000292826
0.000296472
0.000307882
0.000299491
0.000288684
0.000303674
0.000304136
0.000286862
0.000286533
0.000281057
0.000277778
0.000284981
0.000270856
0.00026462
0.000252398
0.000256805
0.000265322
0.000253807
0.00026617
0.000275103
0.000274725
0.000268025
0.000278396
0.000274725
0.000274952
0.000288517
0.000304599
0.000324992
0.000324675
0.000331895
0.000307031
0.000295946
0.000296296
0.000306466
0.000296296
0.000295946
0.00029967
0.000308071
0.000301841
0.000312402
0.000308261
0.000304321
0.000289268
0.000279174
0.000279486
0.000295159
0.000295421
0.000299222
0.000298954
0.000298597
0.000294724
0.00030248
0.000286615
0.000300571
0.000286615
0.000281136
0.000291971
0.000276625
0.000279877
0.000276549
0.000294291
0.000279096
0.000279408
0.00027248
0.000277546
0.000287274
0.000283849
0.000294291
0.000298507
0.000298954
0.000280662
0.00027115
0.000276243
0.000279486
0.000265887
0.000278474
0.000279096
0.00027933
0.000279096
0.000267094
0.000257998
0.000260892
0.000272331
0.000284981
0.0002886
0.000275103
0.000287936
0.00028401
0.000280662
0.000272109
0.000268889
0.000265816
0.000279408
0.000283206
0.000282566
0.000275786
0.000285633
0.000270343
0.000273523
0.000268528
0.00028169
0.000285225
0.000290867
0.00030248
0.000288434
0.000282885
0.000290023
0.000280112
0.000264831
0.000278474
0.000278087
0.000281373
0.000277624
0.000268312
0.000268673
0.000268384
0.000268025
0.000268312
0.000268889
0.000265745
0.000278396
0.000268025
0.00026824
0.000274952
0.00027465
0.000271444
0.00027465
0.000274424
0.000261917
0.000266667
0.000267023
0.000270197
0.000267094
0.000264131
0.00026434
0.000273149
0.00026096
0.00025641
0.00025208
0.000251889
0.000262881
0.000281294
0.000271223
0.000274801
0.000265887
0.000277239
0.000282486
0.000270124
0.000257268
0.000251636
0.000240558
0.000240096
0.000240269
0.000231696
0.000232126
0.000239063
0.000250438
0.000236967
0.000249439
0.000234852
0.000234687
0.000237079
0.00023663
0.000237079
0.000237248
0.000233536
0.000243902
0.000248016
0.000247831
0.000248016
0.000253485
0.000253293
0.000247831
0.000243724
0.000243962
0.000243487
0.000246002
0.00023546
0.000230521
0.00023546
0.000242424
0.000239923
0.000250941
0.000247954
0.000248139
0.000247954
0.000250627
0.00025113
0.000241255
0.000241429
0.00024426
0.000241779
0.000246975
0.000241546
0.000236574
0.000240385
0.000237925
0.000237699
0.000237925
0.000241838
0.000241604
0.000241429
0.000241604
0.000234687
0.000242189
0.000241721
0.000237812
0.000237643
0.000240096
0.000239808
0.000239981
0.000250188
0.000250501
0.000239521
0.000239349
0.000239578
0.000239292
0.000239578
0.000232612
0.000234907
0.000232288
0.00023245
0.000232883
0.00023245
0.000232288
0.000232721
0.000232288
0.000237304
0.000232288
0.000232721
0.000230415
0.000230574
0.000230415
0.000230574
0.000230415
0.000230574
