0.000388802
0.000426985
0.000387747
0.000362188
0.000380807
0.000403388
0.000433651
0.000430849
0.000391389
0.000359066
0.000350877
0.000350631
0.000346021
0.000334896
0.000336587
0.000331126
0.00030722
0.000331016
0.000316857
0.000311429
0.000317158
0.000310559
0.000289519
0.000287191
0.000302297
0.000305064
0.000308928
0.00030349
0.000326797
0.000322477
0.000326477
0.000309023
0.000314465
0.000313283
0.000319081
0.000316056
0.000311139
0.000328407
0.000348189
0.000328407
0.000331455
0.000316056
0.00030003
0.000316056
0.000316256
0.000310559
0.000320102
0.000317662
0.000320718
0.000324992
0.000334225
0.000329707
0.000325627
0.000330907
0.000332226
0.000306748
0.000298954
0.000303951
0.000289101
0.000270709
0.00027571
0.000286369
0.000286205
0.000300752
0.000317259
0.000319693
0.000310174
0.000308737
0.00030349
0.000298507
0.000283849
0.000286944
0.000283849
0.0002936
0.000283849
0.000294898
0.000280899
0.000285307
0.000284333
0.000284495
0.000291121
0.000280348
0.000281532
0.000279174
0.000277008
0.000276855
0.000283527
0.000296736
0.000312402
0.00029976
0.00029994
0.000294031
0.000299133
0.00030021
0.000286123
0.000291715
0.00029656
0.000282406
0.000282247
0.000276014
0.000271003
0.000277008
0.00028777
0.000286533
0.000284576
0.000287026
0.000309215
0.000311915
0.000295858
0.000307882
0.000326158
0.00031736
0.000319795
0.000302206
0.000319795
0.000314268
0.000311333
0.000335345
0.000320821
0.000303122
0.000319489
0.000338181
0.000343997
0.000340716
0.000342466
0.000341064
0.000348797
0.000346981
0.000329056
0.000347826
0.000364964
0.000362976
0.000356633
0.000358551
0.000328947
0.00031211
0.000312305
0.00031348
0.000301023
0.000296033
0.000293945
0.00027533
0.000263089
0.000272554
0.000260281
0.000262329
0.000263366
0.000277932
0.000259875
0.000270929
0.000273748
0.000270929
0.000270051
0.000268962
0.000273898
0.000269107
0.00027115
0.000274801
0.000268889
0.000259673
0.000260485
0.000247647
0.000259336
0.000257467
0.000263227
0.000263089
0.000265957
0.000267666
0.000267809
0.000257003
0.000253229
0.000270051
0.00027115
0.000271003
0.000264901
0.000260281
0.000259269
0.000263227
0.000267953
0.00026448
0.000262812
0.000250815
0.000250941
0.000249066
0.000255167
0.000256148
0.000259808
0.000258933
0.000254518
0.000267953
0.00026688
0.000279486
0.000272183
0.000275028
0.000274876
0.000276702
0.000281928
0.000285878
0.00029129
0.000280269
0.000284738
0.000287026
0.00028393
0.000287026
0.000284738
0.00028169
0.000282725
0.00026434
0.000270051
0.000277239
0.000276319
0.000272109
0.000268528
0.000270709
0.000257003
0.000251826
0.000251953
0.000255102
0.000257599
0.000253229
0.000268889
0.000268745
0.000257069
0.000257865
0.000263296
0.000262398
0.000272926
0.000265957
0.000255951
0.000256805
0.000268456
0.000274725
0.000273748
0.000271518
0.00027571
0.000263435
0.000265534
0.000263852
0.000281215
0.000281373
0.000274801
0.000276932
0.000273224
0.000269107
0.000253421
0.000256608
0.000263089
0.00026476
0.000269542
0.000267809
0.000265816
0.000266738
0.000251067
0.000246914
0.000247831
0.000252016
0.000251193
0.000248139
0.000248942
0.000245881
0.00024888
0.000250376
0.000245459
0.00024888
0.000253936
0.000253807
0.000253036
0.000253807
0.00025025
0.00026096
0.000271297
0.000268312
0.000263713
0.000259134
0.00026295
0.000259605
0.000257998
0.00026137
0.000254972
0.000251383
0.000249004
0.000251383
0.000250627
0.000252143
0.000253936
0.000254065
0.000253936
0.000251509
0.00025227
0.000251319
0.000250564
0.000251509
0.000250564
0.000251319
0.000255493
0.000255624
0.000253678
0.000252143
0.0002531
0.000252143
0.000254065
0.000250878
0.000253293
0.000254259
0.000253485
0.000254259
0.000245158
0.000247647
0.000245339
0.000244439
0.000246731
0.000248201
0.000246366
0.00024728
0.000249128
0.000245761
0.000249128
0.00024558
0.000245459
0.000243191
0.000246184
0.000258732
0.000257732
0.000261643
0.000258264
0.000257268
0.000263019
0.000250063
0.000250188
0.00025113
0.000250313
0.000253485
0.000251572
0.000254001
0.000253229
0.00026455
0.00026441
0.00026178
0.000263852
0.000263992
0.000258532
0.000258398
0.000254777
0.000254907
0.000255689
0.00025413
0.000254972
0.000251256
0.000252207
0.000254647
0.000251446
0.000255037
0.000260349
0.000268528
0.000265604
0.000269179
0.000263158
0.000259336
0.000256805
0.000258398
0.000247586
0.000250125
0.000246124
0.000239234
