0.000233754
0.000246305
0.000254842
0.000246731
0.000237869
0.000224517
0.00023546
0.000232288
0.000234192
0.000246245
0.000249813
0.000259808
0.000268817
0.000253936
0.00025025
0.000240964
0.000250627
0.000254323
0.000241604
0.000239578
0.000232019
0.00023855
0.000241429
0.000241371
0.000227687
0.000241371
0.000229253
0.000239464
0.000248633
0.000250815
0.000241488
0.000245761
0.000250941
0.000247831
0.000257666
0.000253872
0.000258398
0.000257599
0.000255297
0.000247831
0.00025
0.000256739
0.000267809
0.00026295
0.000260552
0.000263992
0.000278474
0.000277546
0.000291036
0.000290023
0.000274348
0.000263227
0.000254582
0.000269179
0.000269251
0.000271813
0.000272702
0.000265111
0.000272702
0.000273598
0.000271003
0.000259269
0.000253743
0.000258264
0.00026062
0.00027248
0.000266809
0.000265957
0.000279799
0.000275938
0.000268168
0.000275938
0.000287936
0.000292826
0.00027972
0.000290782
0.000277316
0.000276396
0.000261028
0.000248942
0.000249688
0.000259673
0.000252781
0.000259673
0.000257533
0.000247893
0.000239808
0.000235738
0.000236407
0.000249252
0.000259
0.00026738
0.000257003
0.000254712
0.000241838
0.000238493
0.000228363
0.000231428
0.000233155
0.000221877
0.000216826
0.000223065
0.000230044
0.000227015
0.000227635
0.000233209
0.000237192
0.00023015
0.000241779
0.000246427
0.000241779
0.000254518
0.000260078
0.000252143
0.000248447
0.000240327
0.000243784
0.000234577
0.000223714
0.000223115
0.000230894
0.000222965
0.000230894
0.000230256
0.00023596
0.000230256
0.000226655
0.000229253
0.000229885
0.000241371
0.000240674
0.000237812
0.000244678
0.000244618
0.000230574
0.000230627
0.000232504
0.000241546
0.000242248
0.000242954
0.00024108
0.0002457
0.000257732
0.000256937
0.000256148
0.000251509
0.000242131
0.000230468
0.00023218
0.000234907
0.000247647
0.000235571
0.000229885
0.000243546
0.00024426
0.000239349
0.000245519
0.000242014
0.000245459
0.000245399
0.000236072
0.000236742
0.000234797
0.000222074
0.000223814
0.000235018
0.000238322
0.000245881
0.000252398
0.000251636
0.000250878
0.00024728
0.000239636
0.000233754
0.000238436
0.000242601
0.000230681
0.00022805
0.000217202
0.00021777
0.000221092
0.000216076
0.000226809
0.000226193
0.000226244
0.000222618
0.00021925
0.000224417
0.000230681
0.000231321
0.000228206
0.00023084
0.000230203
0.000226142
0.0002292
0.000223015
0.000223614
0.000227273
0.000227894
0.000227273
0.000225479
0.000222965
0.00022007
0.000222965
0.00022007
0.00023116
0.000231803
0.000220604
0.000226655
0.000229253
0.000234907
0.00023218
0.000220994
0.000223464
0.000233754
0.000228154
0.000236463
0.000245821
0.000239636
0.000231107
0.000235349
0.000227273
0.000217533
0.000228363
0.000227739
0.000218293
0.000214915
0.00021263
0.000219829
0.00021263
0.000219829
0.00022041
0.000214684
0.000226449
0.000225836
0.000226449
0.00022482
0.000224215
0.000233973
0.000233918
0.000239808
0.0002405
0.000233863
0.000235627
0.000227015
0.000219346
0.000229253
0.00023663
0.00023596
0.000234192
0.000238209
0.000228102
0.000234577
0.000224215
0.00022482
0.000224215
0.000227169
0.000221877
0.000224366
0.000231054
0.000231696
0.000219394
0.000213356
0.000211104
0.000211149
0.000218245
0.000230787
0.000227739
0.00022941
0.000227739
0.000230362
0.000222469
0.000220022
0.000222469
0.000224215
0.000224165
0.000224215
0.000221729
0.000223314
0.000212947
0.000211372
0.000212947
0.000217817
0.000216169
0.000218914
0.000213995
0.000210748
0.000205508
0.000207641
0.000205508
0.000207641
0.000207125
0.000208638
0.000206484
0.00020903
0.000209556
0.000206996
0.00019685
0.000199681
0.000201694
0.000201207
0.000199203
0.000201572
0.000199203
0.000199681
0.00019685
0.000198807
0.000201572
0.00020016
0.000198177
0.000202388
0.000201086
0.000202388
0.000198177
0.000199561
0.00019685
