0.000395257
0.000431034
0.00041806
0.000419815
0.000401445
0.000397298
0.000372301
0.000345304
0.000347102
0.000324781
0.000332668
0.000326584
0.000329381
0.000316957
0.000330142
0.000324781
0.000345423
0.000353732
0.000350508
0.000321854
0.000315457
0.000321854
0.000323625
0.000322269
0.000316957
0.000309789
0.00030722
0.000323834
0.000322789
0.000330469
0.000333333
0.000339674
0.000338181
0.000320102
0.000313283
0.000301386
0.000304321
0.000309215
0.000327225
0.000328407
0.000341997
0.000328192
0.000343289
0.000372856
0.000379939
0.000397614
0.00039968
0.000397614
0.000388954
0.000372024
0.00039032
0.000382555
0.000420521
0.000452694
0.000463177
0.000438596
0.000429185
0.000390472
0.000385654
0.000373832
0.000385654
0.000378358
0.00037679
0.00038432
0.000401123
0.000413223
0.000376506
0.000377929
0.000359712
0.000351741
0.000332005
0.00033761
0.000340716
0.000326691
0.000334113
0.000328407
0.00031027
0.000334784
0.000327332
0.000316056
0.00032113
0.000318471
0.000343761
0.000329924
0.000335683
0.000343525
0.000358166
0.000359583
0.000350385
0.000349162
0.000335233
0.000359066
0.000355619
0.000371747
0.000382117
0.000384025
0.000372995
0.000390625
0.000357654
0.000357782
0.000351247
0.000336814
0.000335121
0.000338066
0.000332447
0.000348189
0.000322269
0.000328192
0.000326371
0.000329815
0.000343761
0.00034002
0.000338524
0.00034002
0.000338524
0.000344353
0.000337838
0.000339559
0.000354736
0.000331455
0.000330251
0.00031736
0.000318471
0.000311236
0.000316356
0.000315259
0.000320924
0.000322685
0.000330907
0.000322685
0.000341064
0.000350263
0.000354233
0.000369549
0.000366032
0.00035868
0.00035461
0.000352485
0.000336361
0.000337838
0.000339328
0.000333667
0.000320205
0.000318878
0.00033036
0.000331455
0.000329815
0.000328731
0.000330142
0.000318674
0.000331565
0.00033456
0.000335683
0.000322477
0.000335796
0.000322477
0.000317158
0.00032041
0.000328084
0.000342231
0.000338524
0.00034153
0.000327976
0.000315856
0.000327118
0.00032
0.000314961
0.000304507
0.000316356
0.000308833
0.00031027
0.00030349
0.000308166
0.000318878
0.00030656
0.000325627
0.000338983
0.000320821
0.000333333
0.000325415
0.000316957
0.000330142
0.000349406
0.000336587
0.000322893
0.000326264
0.00034638
0.000324886
0.000319693
0.000308166
0.000328192
0.000326797
0.000323415
0.000349528
0.000355745
0.000352361
0.000332779
0.000331345
0.000345304
0.000366703
0.000373832
0.000348068
0.000357015
0.000335683
0.000341413
0.000369413
0.000359842
0.000353482
0.000333556
0.000340716
0.000337724
0.000338983
0.000319081
0.000321854
0.000325203
0.000303306
0.000298597
0.000303674
0.000310078
0.000309119
0.000322477
0.000335345
0.000322477
0.000324254
0.000320924
0.000307692
0.00030248
0.000291715
0.000301296
0.000295683
0.000297974
0.000302663
0.000305623
0.000316957
0.000314367
0.000315358
0.000329272
0.000330688
0.000337724
0.000339213
0.000337724
0.000336022
0.000334896
0.000329164
0.000337724
0.000324886
0.000326264
0.000326158
0.000313578
0.000310463
0.000322685
0.000325415
0.000328839
0.000329924
0.000317158
0.000314564
0.000319795
0.000309023
0.000316156
0.00032352
0.000301023
0.00029985
0.000295247
0.00029656
0.000290698
0.000297796
0.000287439
0.000287522
0.000286697
0.000284091
0.000278319
0.00028082
0.000278319
0.000282725
0.000281849
0.000291886
0.000292997
0.000290698
0.000290613
0.000291545
0.000297442
0.000298329
0.000297177
0.000290951
0.000291036
0.000286369
0.000275786
0.000276778
0.000272035
0.000274424
0.000279252
0.000273
0.000270636
0.000261986
0.000274123
0.000261986
0.000263783
0.000261986
0.000267738
0.000266951
0.000267738
0.000271813
0.000270856
0.000270051
0.000273748
0.000274725
0.000271003
0.000266099
0.00027933
0.000285144
0.00027137
0.000276778
0.00028082
0.000294638
0.000293513
0.000287356
0.000282805
0.0002918
0.000294551
0.000287604
0.000302297
0.000303306
0.000305717
0.000300933
0.000302115
0.000309789
0.000308547
0.000306937
0.000308547
0.000307125
0.000291971
0.000294291
0.00030656
0.000307787
0.000300661
0.000293427
0.000298329
0.000293427
0.000289184
0.000286533
0.000292654
0.000291545
0.000292654
0.000283607
0.00029036
0.000284333
0.000277855
0.000265534
0.000269107
0.000270197
0.000275255
0.000284576
0.000283366
0.000281294
0.000280269
0.000271223
0.000272183
0.000274574
0.000276549
0.000282566
0.000286615
0.000285796
0.000284738
0.000280741
0.000279877
0.000281057
0.000282087
0.000282965
0.000282885
0.000283688
0.000293858
0.00028777
0.000286533
0.000285714
0.000286533
0.000282486
0.000283688
0.000282805
0.00028177
0.00027972
0.000280584
0.000281611
0.000276319
0.000276396
0.000278396
0.000272554
0.000280899
0.000278396
0.000270197
0.000273898
0.000270197
0.000268312
0.000272405
0.000267809
0.000269687
0.000272035
0.000267953
0.000276014
0.000273598
0.000271665
0.000274048
0.000273224
0.000274048
0.000273224
