0.000332557
0.000335909
0.000353107
0.000367512
0.000380952
0.000348554
0.000320205
0.000318066
0.00030722
0.000309693
0.000328839
0.000331895
0.000323206
0.0003125
0.000336361
0.000331565
0.000340716
0.000359971
0.000347464
0.000331565
0.000328947
0.000340832
0.000324781
0.000340716
0.000337496
0.00032144
0.000324359
0.000308642
0.000306185
0.000298775
0.000315259
0.000300933
0.000295247
0.000276702
0.000287687
0.000288101
0.000290107
0.000297089
0.000311429
0.00031348
0.000303398
0.000313972
0.000296472
0.000288268
0.000286287
0.000294724
0.000309023
0.0002936
0.000302297
0.000304692
0.000308737
0.000301205
0.000300752
0.000311333
0.000321958
0.00031211
0.000335909
0.00032041
0.000322893
0.000311526
0.000302115
0.000307503
0.000310174
0.00029577
0.000306937
0.000304692
0.000318674
0.00032113
0.000303951
0.000304414
0.000302206
0.000298329
0.000284333
0.000276778
0.000290023
0.000287687
0.000298151
0.000303951
0.00032113
0.000308928
0.000311624
0.000308737
0.000306748
0.000321027
0.000349528
0.000321027
0.000303859
0.000322269
0.000351
0.000350385
0.000343407
0.000355366
0.000342466
0.000356252
0.000352983
0.000335796
0.00035524
0.000338639
0.000320924
0.000296736
0.000311818
0.000294551
0.00029967
0.000297177
0.00031746
0.000302572
0.000297354
0.000310078
0.000297354
0.000297796
0.000305157
0.000294204
0.000303122
0.000316356
0.000306654
0.000291886
0.0003003
0.000291886
0.000280112
0.000282486
0.000296736
0.000300571
0.00031736
0.000316857
0.000332005
0.000338524
0.000332005
0.000328731
0.000310752
0.000306654
0.00030931
0.000303306
0.000290613
0.000293169
0.000290613
0.000304044
0.000294118
0.000299222
0.000310559
0.000299222
0.000301932
0.00031348
0.000313972
0.000311236
0.000297177
0.000296736
0.000305437
0.000316156
0.000304414
0.000306843
0.000316556
0.000313775
0.000310849
0.000317158
0.000317662
0.000334113
0.000351124
0.00035461
0.0003427
0.00035461
0.000329489
0.000334225
0.000325415
0.000313873
0.000311333
0.000295247
0.000283126
0.000301023
0.000324886
0.000328084
0.000317662
0.000320102
0.000313676
0.000340832
0.000353607
0.000340832
0.00033761
0.000340599
0.000337838
0.000347343
0.000334448
0.000310849
0.00032041
0.00030525
0.000307882
0.000310559
0.000326477
0.000328731
0.000342466
0.000361141
0.000342466
0.00031506
0.000312305
0.000327118
0.000317158
0.000309215
0.000325839
0.000322893
0.000307314
0.000309598
0.000294724
0.000316957
0.000297177
0.000292141
0.000291715
0.00030525
0.000292312
0.000303214
0.000300842
0.000298954
0.000301296
0.000297442
0.00029994
0.000297265
0.000283366
0.000281452
0.000281849
0.000296472
0.000284819
0.000271665
0.00027894
0.000261575
0.000269542
0.000252908
0.000258198
0.000257865
0.00026178
0.000255363
0.000257202
0.000251953
0.00025227
0.000246305
0.000244738
0.000254907
0.000244738
0.000253936
0.000260552
0.000260213
0.000261643
0.000267308
0.000265322
0.000278319
0.000272183
0.000279486
0.00028169
0.000283768
0.000272331
0.000259875
0.000262812
0.000259875
0.000260213
0.000267953
0.000261097
0.000263158
0.000273598
0.000261097
0.000260756
0.000266383
0.000264271
0.000275255
0.000288351
0.00029036
0.000295858
0.000286451
0.000284738
0.000273448
0.000271518
0.000269469
0.000271665
0.000284819
0.000287109
0.000280584
0.000268168
0.000261438
0.00026178
0.000250627
0.000260892
0.000254259
0.00026469
0.00026434
0.000265816
0.000281928
0.000270343
0.000270709
0.000268962
0.000267451
0.000269324
0.000267165
0.000274198
0.000265252
0.000266951
0.000260281
0.00025227
0.000259202
0.00025227
0.000263992
0.000262192
0.000261849
0.000278396
0.000280034
0.000295596
0.000280034
0.000280426
0.000271813
0.00027027
0.000277469
0.000261028
0.000267738
0.000265745
0.000272851
0.000265887
0.000268962
0.000258065
0.000254259
0.00026448
0.000254065
0.000256016
0.000263505
0.000256871
0.000254907
0.000256739
0.000254907
0.000250815
0.000258799
0.000258465
0.000270709
0.000258465
0.000260485
0.000260824
0.000252717
0.000245821
0.000256213
0.000254388
0.000258198
0.000254388
0.000261438
0.000268168
0.000269687
0.000269324
0.00027137
0.00025974
0.000266525
0.00026688
0.00026476
0.00026178
0.000259875
0.000258465
0.000260485
0.000258465
0.000260213
0.000263158
0.0002531
0.000263435
0.000256805
0.000254001
0.00025582
0.000262398
0.00025582
0.000246245
0.000244678
0.000246245
0.000248077
0.000251699
0.000249938
0.000254001
0.000262123
0.000265111
0.000263019
0.000260078
0.000267809
0.000259336
0.000264901
0.000260892
0.00026295
0.000269906
0.000268168
0.000266312
0.000267809
0.000260078
0.00025582
0.000257666
0.000257334
0.000255363
0.000255689
0.000255363
0.000250188
0.000252908
0.000253229
0.000263713
0.000256542
0.000246609
0.000246305
0.000248139
0.000249626
0.000247893
0.000262674
0.000272554
0.000271003
0.000255297
0.000253357
0.000255167
0.000249066
0.000249377
0.000246731
0.000246427
0.000246731
0.000248447
0.000235849
0.000237304
0.000239006
0.000231374
0.000233699
0.000232288
0.000233427
0.000228206
