0.000315259
0.000328839
0.000334784
0.00035461
0.000385505
0.000372024
0.000357654
0.000337496
0.000318776
0.000296824
0.000318269
0.000312891
0.000322165
0.000340483
0.00034118
0.000357654
0.000330797
0.000316256
0.000300391
0.000292312
0.000292312
0.000272405
0.000272628
0.000281928
0.000269397
0.000253936
0.000252908
0.000264061
0.000276549
0.000288018
0.00028777
0.000289101
0.00030303
0.000292312
0.000278396
0.000281294
0.000263505
0.000282087
0.000298686
0.000314762
0.000299491
0.0002918
0.000299491
0.00029976
0.000299222
0.000305717
0.0002936
0.000277546
0.000285878
0.00030003
0.000320307
0.000307409
0.000330579
0.000353607
0.000342936
0.000335008
0.000311429
0.000290782
0.0002849
0.00029274
0.000289603
0.000276855
0.000282406
0.000282167
0.000291036
0.000279877
0.000279174
0.000297974
0.000279174
0.00026688
0.000256148
0.000267023
0.00027933
0.000290444
0.000291206
0.000275406
0.000275406
0.000289268
0.000275406
0.000282008
0.000269034
0.00025208
0.00026738
0.0002531
0.000258866
0.000254194
0.000254388
0.000262467
0.000256148
0.00025974
0.000250376
0.000245158
0.000239981
0.000250438
0.000236967
0.000231214
0.000238892
0.000245038
0.000259403
0.000269469
0.000274725
0.000275179
0.000267237
0.00025582
0.000271518
0.00025582
0.000251256
0.000244798
0.000252908
0.000252525
0.000254907
0.000270929
0.00027027
0.000289017
0.000295072
0.000294811
0.000283206
0.000296824
0.000278164
0.000261301
0.000279018
0.000274876
0.00027533
0.000281928
0.000301296
0.000316256
0.000317158
0.000302115
0.000300661
0.000310463
0.000298329
0.000298597
0.000316756
0.000315856
0.000307598
0.000308452
0.000295946
0.000295946
0.000289855
0.000274574
0.00026688
0.000273299
0.00026688
0.000250815
0.000241022
0.000238892
0.000248818
0.000253165
0.000261849
0.000251383
0.000251383
0.000266525
0.000251256
0.000237756
0.000240848
0.000243013
0.000235516
0.000244858
0.000251319
0.000266596
0.000254777
0.000254194
0.000260417
0.000244918
0.000260417
0.000251004
0.000241196
0.000253229
0.000254259
0.000249875
0.000239866
0.000237756
0.000248016
0.000258398
0.000251572
0.000266738
0.000255493
0.000241429
0.000241429
0.00022805
0.000231696
0.000243605
0.000244141
0.000258398
0.000258198
0.000254647
0.000241663
0.000244858
0.000232019
0.000228363
0.000234137
0.000231214
0.000222866
0.000231374
0.000233372
0.000231374
0.000222866
0.000228206
0.000231054
0.000226142
0.000215146
0.000226142
0.000236407
0.000225887
0.000233481
0.000224366
0.000224517
0.000221828
0.000230574
0.000220799
0.000228728
0.000237812
0.000232019
0.000223864
0.000232019
0.000231857
0.000232019
0.000237079
0.000252016
0.000237079
0.000241138
0.00025113
0.00025113
0.000241138
0.000240211
0.000227842
0.000231481
0.000224014
0.00022941
0.000232288
0.000225938
0.000234522
0.000242718
0.00023872
0.000243665
0.000251067
0.000250501
0.000261917
0.000251256
0.000247893
0.000243605
0.000244559
0.000239177
0.000239693
0.000230256
0.000233973
0.000226347
0.000222866
0.000225581
0.000221337
0.000220556
0.000225225
0.00023359
0.000233263
0.000227531
0.00023218
0.000236072
0.000236407
0.000236407
0.000227066
0.000230681
0.000222519
0.000216685
0.000223214
0.000218914
0.000227118
0.000226963
0.000223464
0.000230894
0.000222816
0.000222519
0.000223314
0.00023218
0.000232342
0.000231481
0.000222866
0.000234687
0.000235018
0.000229358
0.000238892
0.000233645
0.000235682
0.000223764
0.000224568
0.000234962
0.000227273
0.000231911
0.000240964
0.00023596
0.000245158
0.000253293
0.000242601
0.000232937
0.000238152
0.000235128
0.0002331
0.000229305
0.000238436
0.000229727
0.000233427
0.000224669
0.000226552
0.000236855
0.000242895
0.000242895
0.000241955
0.000239808
0.000243962
0.000244918
0.000240848
0.000231642
0.000231642
0.00023116
0.000230309
0.00023116
0.000222816
0.000227118
0.000229043
0.000233973
0.000223664
0.000214454
0.000210615
0.000216123
0.000211327
0.000210615
0.000208986
0.000211372
0.000208247
0.000202552
0.000204082
0.00020475
0.000203211
0.000206782
0.000203211
0.000203583
0.000201369
0.000202881
0.000202224
0.000204457
0.000202922
0.000202799
0.000206484
0.000202799
0.000202922
0.000202552
0.000202922
0.000202552
0.000203211
0.000202552
0.000202922
0.000203583
0.000203583
0.000203583
0.000203459
0.000203583
0.000198689
0.000202224
0.00020517
0.000202922
0.000202265
0.000203791
0.000204457
0.000203791
