0.000298329
0.000295946
0.000278009
0.000286862
0.00028169
0.000280269
0.000262812
0.000271444
0.000261575
0.000267023
0.000277316
0.000272554
0.000261849
0.000266241
0.000257732
0.000262123
0.000247158
0.000253229
0.000265604
0.00026688
0.0002849
0.000283447
0.000293772
0.000294898
0.000308166
0.000287191
0.00029146
0.000276625
0.000271739
0.000289939
0.000308547
0.000302663
0.000285959
0.000276167
0.000265957
0.00026441
0.000277932
0.000276243
0.000281136
0.000298507
0.000281136
0.000270709
0.000272331
0.000262881
0.00026137
0.000263227
0.000267666
0.000260892
0.00025355
0.000242248
0.000255754
0.00026469
0.00025025
0.000251636
0.000263852
0.000250125
0.000246245
0.000250188
0.000262192
0.000258732
0.000266383
0.000276472
0.000277855
0.000282805
0.000274198
0.000272554
0.000259605
0.000261097
0.000249128
0.000253743
0.000261986
0.000271739
0.000261986
0.000257732
0.000256279
0.000255102
0.000267594
0.000258465
0.000267594
0.000284738
0.000286205
0.000294377
0.000305904
0.000294724
0.000283286
0.000285063
0.000282885
0.000294464
0.000292569
0.000284495
0.000289687
0.000305904
0.000285714
0.000279486
0.00027465
0.000276319
0.000266596
0.000262123
0.000269978
0.000257268
0.000247954
0.00025974
0.000268384
0.00027933
0.000278319
0.000296296
0.000294724
0.000303398
0.000304599
0.000307125
0.000308833
0.000328407
0.000318269
0.000306466
0.000289352
0.000294811
0.000283206
0.000273299
0.00026434
0.000267165
0.000270856
0.000269251
0.000287604
0.000284333
0.000280269
0.000283447
0.000287604
0.000284333
0.000278552
0.000288517
0.000271444
0.000273075
0.000290023
0.000288184
0.000299222
0.000289603
0.00029146
0.000276702
0.000295596
0.000276702
0.000267523
0.000266596
0.000284091
0.000285878
0.000280741
0.000279018
0.000290107
0.000285878
0.000268168
0.000284819
0.000294985
0.000290023
0.000293427
0.000275786
0.00028082
0.000263296
0.00026688
0.000278009
0.00026688
0.000265604
0.000272628
0.000277469
0.000261917
0.000262812
0.00026688
0.000265957
0.00026441
0.000255167
0.000256608
0.000245098
0.000241255
0.000242014
0.000239063
0.000247158
0.000245821
0.000247158
0.000244738
0.000252908
0.000254065
0.000244978
0.000247402
0.000246063
0.000238039
0.000237023
0.00024919
0.000257998
0.000270856
0.000263922
0.000259538
0.000258665
0.000259538
0.000269107
0.000260146
0.000261643
0.000266028
0.000265111
0.00026976
0.000265252
0.000266809
0.000263992
0.000250376
0.000242072
0.000250941
0.000255037
0.000251004
0.000255037
0.000269251
0.000278552
0.000276472
0.000271739
0.000256082
0.000259471
0.000256082
0.000257268
0.000259067
0.000251193
0.000243132
0.000243902
0.00023218
0.000234962
0.000231428
0.00023872
0.000242954
0.000247647
0.000239006
0.000234632
0.000240906
0.000239636
0.000238607
0.0002457
0.000247036
0.000239234
0.00023596
0.000236967
0.000229516
0.000225734
0.000223164
0.00022686
0.000234852
0.000228363
0.000231428
0.000236742
0.000235239
0.000238777
0.000252717
0.000251319
0.000250188
0.00024426
0.00024667
0.000245339
0.000246427
0.000242601
0.000229727
0.000233209
0.000229727
0.000236295
0.000229727
0.000230894
0.000227066
0.000230362
0.000223964
0.000225073
0.000226449
0.000223264
0.00022041
0.000229674
0.000228728
0.000229674
0.00022041
0.000223564
0.000228519
0.000225225
0.000217865
0.000220653
0.000219587
0.000220653
0.000216029
0.000221828
0.000219877
0.000223015
0.000225581
0.00022237
0.000224366
0.000223464
0.00022237
0.000229832
0.000226552
0.000227687
0.000225632
0.000223065
0.000223964
0.000225989
0.000219974
0.000219106
0.000225428
0.000224316
0.000217202
0.000219635
0.000217202
0.000218055
