0.000252525
0.000267237
0.000283046
0.000266596
0.000251826
0.000258866
0.000259202
0.000258799
0.000274273
0.000265463
0.000281373
0.000276319
0.000281215
0.000273299
0.000273448
0.00027465
0.000267094
0.000278087
0.00028777
0.000271444
0.000285633
0.000277085
0.000261643
0.000261301
0.000260213
0.000254777
0.000269251
0.000269107
0.000272851
0.000265887
0.000266241
0.00026738
0.000283849
0.000275179
0.00027049
0.00027533
0.000289101
0.000308071
0.000318167
0.000317662
0.000324149
0.000311915
0.00031211
0.000305904
0.000315159
0.000294898
0.000292312
0.000277469
0.000292312
0.00030012
0.000288434
0.000288934
0.00029146
0.000291886
0.000284495
0.000276932
0.000261506
0.000267237
0.000273748
0.000266241
0.000274123
0.000261712
0.000266241
0.000260078
0.000258065
0.000252717
0.000241546
0.000247709
0.000258398
0.000266738
0.000273224
0.000280584
0.000268025
0.00026178
0.00025227
0.00026455
0.000257533
0.000248077
0.000253678
0.000253357
0.000258732
0.000251699
0.000262743
0.000250627
0.00026001
0.00025582
0.000265887
0.000257599
0.000243962
0.000258065
0.000270124
0.000258465
0.0002574
0.000258465
0.0002574
0.000273673
0.000274048
0.00027027
0.000284414
0.000277932
0.000280269
0.000267308
0.0002574
0.000257003
0.000258065
0.000267094
0.000251572
0.000247525
0.000242189
0.000253614
0.000259
0.000257003
0.000243013
0.000238265
0.00022686
0.000236855
0.000246609
0.000236855
0.00024325
0.000237304
0.000242424
0.000247341
0.000247709
0.000249563
0.000252781
0.000247219
0.000240616
0.000247831
0.000246853
0.000245038
0.000239406
0.000236518
0.000228519
0.000229358
0.000234907
0.000236574
0.000234907
0.000230468
0.000232072
0.000222568
0.000225836
0.000235627
0.000235349
0.000239981
0.000239636
0.000246184
0.000255493
0.000268025
0.000255297
0.000243724
0.000242777
0.000253421
0.000269034
0.00026178
0.000254388
0.000257732
0.000257599
0.000257931
0.000248447
0.000241196
0.000242131
0.00022941
0.000229516
0.000235073
0.000247709
0.000236967
0.000241663
0.000236967
0.000242072
0.000236183
0.000231696
0.000222767
0.000228415
0.000233918
0.000239981
0.000246063
0.000252016
0.000246488
0.000246366
0.000238663
0.000239006
0.000233263
0.000241604
0.000235738
0.000245399
0.000236518
0.000241196
0.0002292
0.000223514
0.000230947
0.000230627
0.000222074
0.0002331
0.000240442
0.00023872
0.000230574
0.000236183
0.000247036
0.000246063
0.000233809
0.000226193
0.000220799
0.000225938
0.000232288
0.000227946
0.000231267
0.000231589
0.000243843
0.000244798
0.000253743
0.00024975
0.000256345
0.000260552
0.000260146
0.000256739
0.000252525
0.000246124
0.000233645
0.000233754
0.000237361
0.000243309
0.000235073
0.000229516
0.000226244
0.000237925
0.000237023
0.000237361
0.000230734
0.000231589
0.000235018
0.000231589
0.000233209
0.000223514
0.000213174
0.000215517
0.000215239
0.000219106
0.000228258
0.000219106
0.000216029
0.00021631
0.000214915
0.000225428
0.000225327
0.000230947
0.000232558
0.00022748
0.000222025
0.000222124
0.000226603
0.000222124
0.00021815
0.000224065
0.000227376
0.000224065
0.000223764
0.000222965
0.000223264
0.000217391
0.00021815
0.000223564
0.000222074
0.000226193
0.000227739
0.000222519
0.000221043
0.000225124
0.000221043
0.000210926
0.000206441
0.000207727
0.000206441
0.000210926
0.000206101
0.000210793
0.000206313
0.00020903
0.000206313
0.000207598
0.000203046
0.000202388
0.000208073
0.000211999
0.000209732
0.000214362
0.0002151
0.000214362
0.000210349
0.000205888
0.000210704
0.000205888
