0.000324675
0.000332336
0.000314861
0.000319591
0.000300661
0.000288268
0.00028082
0.000295421
0.00029994
0.000305344
0.000298686
0.000283768
0.000275028
0.000291206
0.000285307
0.00030656
0.000324254
0.000332557
0.000351989
0.000367377
0.000361141
0.000336587
0.000330033
0.000339328
0.000334113
0.000316556
0.000323834
0.000332557
0.00031506
0.000307598
0.000304599
0.000307598
0.00031211
0.000304414
0.000295247
0.00029129
0.000297974
0.000302115
0.000295247
0.000276091
0.000287439
0.000277932
0.00029146
0.000306373
0.000301659
0.000286287
0.000275028
0.000290782
0.000286944
0.000288684
0.000298329
0.000304971
0.000300661
0.000286287
0.00029274
0.000307692
0.000318269
0.000307314
0.000305344
0.000307314
0.000328623
0.000304321
0.000289687
0.000305437
0.000298418
0.000291206
0.000274348
0.000257202
0.000273448
0.000280426
0.000284091
0.000291715
0.000289017
0.000291715
0.000285633
0.000270416
0.000283206
0.000293083
0.000289184
0.000283366
0.000290192
0.000300391
0.000292312
0.000301296
0.000309885
0.000298864
0.000283768
0.000291375
0.000283768
0.000266312
0.000269614
0.000257998
0.00026617
0.000269978
0.000276014
0.000263852
0.000270563
0.000278242
0.000287191
0.000283447
0.000274725
0.00028885
0.000286615
0.00027933
0.000272331
0.000279252
0.000286615
0.000290529
0.000282965
0.000275862
0.000279408
0.000286779
0.000301205
0.000292227
0.000282406
0.000273373
0.000275406
0.000271961
0.000266099
0.000278396
0.000266099
0.000273523
0.000269614
0.000273
0.000266951
0.000254842
0.000262329
0.000259202
0.000251889
0.000262329
0.000267308
0.000265816
0.000263574
0.000271592
0.000278552
0.000282167
0.000288767
0.000284981
0.000287604
0.000285388
0.000289771
0.000294118
0.000301477
0.000296912
0.000303859
0.000289184
0.000299491
0.000301932
0.000303859
0.00029656
0.000290444
0.000294377
0.000287853
0.000294377
0.00029163
0.00028777
0.000302297
0.000295421
0.000286779
0.000284576
0.000294377
0.000286615
0.000292569
0.000308642
0.000333667
0.000327869
0.000325627
0.000309693
0.000326584
0.000302572
0.000304507
0.000289771
0.000281452
0.000288018
0.000279018
0.000283206
0.000297265
0.000290107
0.000276702
0.000263713
0.000271003
0.000269469
0.000276319
0.000269324
0.000274725
0.00026617
0.000259808
0.000266312
0.000271887
0.000263852
0.000258598
0.000265604
0.000261917
0.000273224
0.000277701
0.000269614
0.000271592
0.000268168
0.000274952
0.000268025
0.000286697
0.000296209
0.000303674
0.000319795
0.00032457
0.000327976
0.000333
0.000324044
0.000307503
0.000316356
0.00032175
0.000306185
0.000320205
0.000311042
0.000307977
0.000297708
0.000293686
0.000289771
0.0002849
0.000278474
0.000282087
0.000285878
0.000290107
0.000280426
0.000272628
0.000262398
0.000269614
0.000257998
0.000272851
0.000274424
0.000283126
0.000275179
0.000281611
0.000278009
0.000276396
0.000270197
0.000282965
0.000289268
0.000293169
0.000287026
0.000282725
0.000287522
0.000291375
0.000286451
0.000292569
0.000273149
0.00026976
0.000275786
0.00027049
0.000255885
0.000268097
0.000261643
0.000263089
0.000269614
0.000257268
0.000255885
0.00025
0.000245278
0.000247219
0.000237417
0.000241838
0.000254842
0.000249938
0.000251256
0.000268025
0.000280505
0.000287936
0.0002918
0.000302297
0.000298151
0.000294118
0.000289771
0.000282247
0.000273598
0.000279018
0.000276549
0.000280112
0.000271076
0.000259403
0.000262536
0.000266099
0.000249563
0.000251572
0.000257666
0.000251572
0.000245278
0.000233209
0.000239866
0.000235294
0.000230362
0.000235349
0.000234192
0.000235349
0.000234192
0.000237135
0.000246853
0.000251636
0.000248447
0.000243784
0.000245038
0.000239636
0.000238436
0.000243132
0.000240038
0.00023084
0.000236407
0.000231965
0.0002331
0.00023912
0.000237925
0.00024325
0.000237023
0.000231965
0.0002331
0.000237361
0.000240385
0.000239177
0.000234852
0.000237699
0.000235128
0.000236295
0.000235128
0.000239693
0.000238152
0.000239693
0.000237079
0.000234137
0.000237079
0.000234137
0.000238777
0.000234137
0.000235294
0.000237869
0.000236351
0.000239693
0.000242777
0.000239349
0.000238152
0.000239349
0.000236351
0.000238949
0.000237756
0.000234907
0.000236072
0.000234907
