0.0025641
0.00246914
0.0025641
0.00246914
0.0025641
0.00266667
0.0025641
0.00246914
0.0025641
0.00246914
0.00238095
0.00229885
0.00238095
0.00246914
0.0025641
0.00266667
0.00277778
0.00289855
0.0030303
0.00289855
0.0030303
0.00289855
0.0030303
0.00289855
0.00277778
0.00289855
0.00277778
0.00289855
0.00277778
0.00266667
0.0025641
0.00246914
0.00238095
0.00246914
0.00238095
0.00246914
0.00238095
0.00246914
0.00238095
0.00229885
0.00238095
0.00246914
0.00238095
0.00246914
0.0025641
0.00266667
0.0025641
0.00266667
0.0025641
0.00246914
0.0025641
0.00246914
0.00238095
0.00229885
0.00222222
0.00229885
0.00238095
0.00246914
0.00238095
0.00229885
0.00238095
0.00246914
0.00238095
0.00246914
0.0025641
0.00246914
0.00238095
0.00229885
0.00238095
0.00246914
0.0025641
0.00266667
0.0025641
0.00266667
0.0025641
0.00246914
0.0025641
0.00246914
0.0025641
0.00266667
0.00277778
0.00289855
0.00277778
0.00266667
0.0025641
0.00266667
0.0025641
0.00266667
0.0025641
0.00246914
0.00238095
0.00246914
0.0025641
0.00266667
0.0025641
0.00266667
0.00277778
0.00266667
0.00277778
0.00266667
0.0025641
0.00246914
0.00238095
0.00246914
0.00238095
0.00229885
0.00222222
0.00229885
0.00222222
0.00215054
0.00208333
0.0020202
0.00196078
0.0020202
0.00208333
0.00215054
0.00222222
0.00215054
0.00222222
0.00215054
0.00222222
0.00229885
0.00238095
0.00229885
0.00238095
0.00246914
0.00238095
0.00229885
0.00238095
0.00246914
0.0025641
0.00266667
0.0025641
0.00246914
0.0025641
0.00266667
0.00277778
0.00266667
0.0025641
0.00246914
0.0025641
0.00266667
0.0025641
0.00246914
0.00238095
0.00229885
0.00222222
0.00229885
0.00238095
0.00246914
0.00238095
0.00246914
0.00238095
0.00246914
0.0025641
0.00246914
0.00238095
0.00229885
0.00238095
0.00229885
0.00238095
0.00229885
0.00238095
0.00229885
0.00238095
0.00246914
0.00238095
0.00229885
0.00238095
0.00246914
0.0025641
0.00246914
0.00238095
0.00229885
0.00222222
0.00229885
0.00222222
0.00215054
0.00208333
0.00215054
0.00208333
0.00215054
0.00222222
0.00215054
0.00208333
0.00215054
0.00208333
0.0020202
0.00208333
0.00215054
0.00222222
0.00215054
0.00222222
0.00229885
0.00222222
0.00215054
0.00208333
0.00215054
0.00208333
0.0020202
0.00208333
0.00215054
0.00222222
0.00215054
0.00222222
0.00215054
0.00208333
0.0020202
0.00196078
0.00190476
0.00196078
0.0020202
0.00208333
0.0020202
0.00208333
0.00215054
0.00208333
0.00215054
0.00208333
0.0020202
0.00208333
0.0020202
0.00208333
0.00215054
0.00208333
0.00215054
0.00222222
0.00215054
0.00222222
0.00215054
0.00222222
0.00229885
0.00222222
0.00215054
0.00208333
0.00215054
0.00208333
0.00215054
0.00222222
0.00215054
0.00208333
0.0020202
0.00208333
0.00215054
0.00222222
0.00229885
0.00222222
0.00215054
0.00208333
0.00215054
0.00208333
0.0020202
0.00196078
0.0020202
0.00208333
0.00215054
0.00208333
0.0020202
0.00208333
0.0020202
0.00196078
0.00190476
0.00185185
0.0018018
0.00175439
0.0018018
0.00185185
0.00190476
0.00196078
0.00190476
0.00196078
0.00190476
0.00185185
0.00190476
0.00185185
0.0018018
0.00185185
0.0018018
0.00185185
0.0018018
0.00175439
0.0018018
0.00175439
0.0018018
0.00185185
0.00190476
0.00185185
0.00190476
0.00185185
0.00190476
0.00185185
0.00190476
0.00196078
0.00190476
0.00196078
0.0020202
0.00208333
0.0020202
0.00196078
0.00190476
0.00185185
0.0018018
0.00175439
0.0017094
0.00175439
0.0017094
