0.000301386
0.000309215
0.000309789
0.000313578
0.000296121
0.000288934
0.000277316
0.00026096
0.000264131
0.000272109
0.000266951
0.000272554
0.000292056
0.000282885
0.000279955
0.000286697
0.000269179
0.000282646
0.000288434
0.000287687
0.00030021
0.000292826
0.000302663
0.000288101
0.000308166
0.000314564
0.000311624
0.000328731
0.000338066
0.000341064
0.000336587
0.000327654
0.000316156
0.000303859
0.000304692
0.000304136
0.000297974
0.000300661
0.000298329
0.000304785
0.000297796
0.000283688
0.000265252
0.000282247
0.000265322
0.000284091
0.000278862
0.000276549
0.000282885
0.000284657
0.000280978
0.00028393
0.000284414
0.000281928
0.000289101
0.000283286
0.000287026
0.000283286
0.00028885
0.00028169
0.000292227
0.000294898
0.00029753
0.000296736
0.000320718
0.000297
0.000304321
0.00029146
0.000292227
0.00028169
0.000280978
0.00029146
0.000284495
0.00029036
0.000284495
0.000306373
0.000294811
0.000274499
0.000274048
0.000287191
0.000269614
0.000263852
0.000280584
0.000287522
0.000280978
0.00028777
0.000294638
0.000295159
0.000301477
0.000295159
0.000301477
0.000302939
0.000283527
0.000292056
0.000286123
0.00026688
0.000261917
0.000271003
0.000264971
0.00026824
0.000282965
0.000280034
0.000299043
0.000297089
0.00029656
0.000297089
0.000280899
0.00029753
0.000280899
0.000274273
0.000273823
0.000279252
0.000276855
0.000283447
0.000275406
0.000290444
0.000283768
0.000282486
0.000285633
0.000275558
0.000272628
0.000255232
0.00026096
0.00027933
0.000281373
0.000276091
0.000281611
0.000282885
0.000270124
0.000271739
0.000274499
0.000280741
0.000287853
0.000284819
0.000279174
0.000273748
0.000283688
0.000284172
0.000277546
0.000279955
0.000277624
0.000263852
0.000269833
0.000263852
0.00026448
0.000258598
0.00024426
0.000239521
0.000248139
0.000260281
0.000265887
0.000282247
0.000268817
0.000253936
0.000259
0.000261643
0.000245459
0.000259943
0.000271739
0.000279564
0.000276549
0.00027049
0.000288101
0.000293858
0.000301023
0.000304599
0.000298418
0.000286041
0.000277855
0.000272035
0.00026617
0.000271297
0.000255558
0.000260281
0.000264971
0.000272405
0.000256608
0.000261028
0.000255167
0.000260281
0.000278552
0.000272702
0.000281215
0.000262605
0.00025025
0.000247402
0.000249688
0.000248694
0.000238777
0.000238265
0.000236518
0.000246853
0.000257467
0.000250815
0.000256345
0.000258331
0.000257931
0.000249688
0.000239693
0.000242365
0.000239693
0.00023596
0.000226501
0.000230894
0.000226501
0.000240038
0.000226501
0.000228102
0.000228938
0.000227015
0.00022941
0.000227376
0.000221779
0.000225989
0.000226449
0.000222124
0.000221043
0.000217014
0.000228258
0.000232558
0.000242542
0.000256082
0.000242014
0.0002405
0.000236463
0.000236798
0.000238892
0.000240154
0.000245098
0.000247463
0.000245218
0.000242483
0.00023855
0.000237304
0.000236967
0.000241371
0.00024266
0.000240848
0.000239923
0.000249938
0.000255102
0.000253165
0.000254194
0.000257202
0.000251953
0.000254323
0.000253293
0.000248016
0.000252143
0.000249688
0.000250689
0.000237699
0.000233209
0.000237699
0.000238039
0.000251067
0.000252717
0.000251699
0.000241546
0.000241022
0.000241955
0.000239808
0.00023546
0.000237192
0.00023546
0.000240038
0.000240558
0.000242718
0.000246975
0.000245399
0.000240616
0.000242424
0.000244738
0.000240558
0.000240211
0.000238949
0.000244978
0.000244439
0.000238436
0.000250313
0.000249314
0.00023753
0.000238039
0.000239292
0.000237192
0.000235018
0.000237192
0.000238892
0.000243013
0.000230787
0.000221729
0.000222025
0.00021978
0.000220556
0.000216685
0.000217912
0.00021645
0.000218198
0.00022041
0.000224215
0.000223914
0.000222816
0.00022237
0.000222668
0.000227894
0.000222668
0.000221877
0.000225938
0.000232666
0.00024079
0.00023359
0.000225938
0.000227066
0.000222965
0.000223764
0.000228154
0.000240096
0.000236351
0.000234302
0.0002331
0.000236855
0.000232612
0.00022899
0.000230947
0.00022899
0.000228154
0.000228624
0.000228311
0.000229938
0.000231911
0.000229463
0.00023359
0.000237361
0.000232612
0.000230947
0.000231803
0.000230947
0.000237982
0.000233699
0.000232288
0.000236742
0.000225124
0.000225938
0.000226244
0.000230734
0.000232126
0.000228363
0.00022805
0.000230468
0.000231642
0.00023116
0.000224517
0.000224972
0.000220702
0.000222222
0.000221141
0.00021725
0.000218293
0.000222469
0.000219154
0.000219443
0.000219154
0.000217675
0.00021796
0.000221386
0.000220946
0.000219154
0.000219587
0.000215517
0.000214777
0.0002145
0.000216216
0.000216497
0.000214777
0.000216497
0.000215471
0.000216497
0.000215471
