0.000300933
0.000315756
0.000305623
0.000295508
0.000295247
0.000313381
0.000308166
0.000316456
0.000321958
0.000346141
0.000349284
0.000362582
0.000358295
0.000364964
0.000351494
0.000344947
0.00034626
0.00036075
0.000374251
0.000370645
0.000371058
0.000368732
0.000370508
0.000339213
0.000329707
0.000321543
0.00030248
0.000282486
0.000277469
0.0002849
0.00028401
0.000288434
0.000281373
0.000277162
0.000295334
0.000302206
0.000294898
0.000277162
0.000282167
0.000274876
0.000263574
0.000271592
0.000275634
0.000269906
0.000277778
0.000287109
0.000282965
0.000274273
0.000280191
0.000279955
0.00029274
0.000294724
0.000276625
0.000268817
0.000269034
0.000270929
0.000267023
0.000256345
0.000269906
0.000265675
0.000269542
0.000277393
0.000276396
0.000277239
0.000276396
0.000277701
0.000274123
0.000274952
0.000282247
0.000286369
0.00027115
0.000270343
0.000288434
0.000294985
0.000302755
0.000317763
0.000311429
0.000309789
0.000295508
0.00031746
0.00032352
0.000313381
0.000314465
0.000322789
0.000324149
0.000313087
0.000303122
0.00029824
0.000290698
0.000288767
0.000291545
0.000301114
0.000304321
0.000301114
0.00029656
0.000298597
0.000307787
0.000297796
0.000300933
0.000306843
0.000303767
0.000283768
0.000300481
0.000292227
0.00029967
0.000289519
0.000307125
0.000312012
0.000306373
0.000299312
0.000303582
0.000300391
0.000299222
0.000282486
0.000264971
0.000273448
0.000272628
0.000270929
0.000257268
0.000251762
0.000259067
0.000252525
0.000259403
0.000274876
0.000272926
0.00026448
0.000268312
0.000269107
0.000270343
0.000282247
0.000273598
0.000268889
0.000268097
0.000268889
0.000277239
0.000284091
0.000280348
0.000287191
0.000280191
0.000264131
0.000268673
0.000262881
0.000274499
0.00028177
0.000274499
0.000262881
0.000269542
0.000268745
0.000274424
0.000269687
0.000276167
0.000277162
0.000270124
0.000264061
0.00026824
0.000269034
0.000276472
0.000269034
0.000261643
0.000263922
0.000261643
0.00026738
0.000275103
0.000266596
0.000260552
0.000259808
0.000273898
0.000259808
0.000265816
0.000267451
0.000273673
0.000269687
0.000263644
0.000259605
0.000263644
0.000259605
0.000260349
0.00026476
0.000263852
0.000268025
0.000271444
0.000260417
0.000259673
0.000260417
0.000262812
0.00026462
0.000266951
0.000266738
0.000261028
0.000261917
0.000265675
0.000272926
0.000265675
0.000264061
0.000258799
0.000260349
0.000255232
0.000260688
0.000260892
0.000259134
0.000258264
0.000266312
0.000265111
0.000273523
0.000265393
0.000273299
0.000271592
0.000265675
0.00026688
0.000260824
0.0002531
0.000258799
0.000255232
0.000254518
0.000259605
0.000254518
0.000256213
0.000259808
0.000254065
0.000254777
0.000251319
0.00026617
0.000263852
0.000265463
0.00026469
0.000257268
0.000260892
0.000258532
0.000260892
0.000258532
0.000259403
0.000251826
0.000253936
0.000251826
0.000248447
0.000246853
0.000247525
0.000243962
0.000247525
0.000249128
0.000247709
0.000246124
0.000247525
0.000249563
0.000245942
0.000248077
0.00024667
0.000248262
0.000249688
0.000255102
0.000260213
0.000259336
0.000257599
0.000259336
0.000257599
0.000243665
0.000245218
0.00024325
0.000245218
0.000248818
0.000249626
0.000249439
0.000245821
0.00024426
0.000245821
0.000252016
0.000247219
0.00024564
0.000250689
0.00025
0.000247954
0.000248633
0.000247219
0.000249252
0.000248571
0.000253421
0.000253614
0.000250627
0.00025227
0.000252972
0.000246427
0.000247831
0.000247158
0.00024558
0.000246245
0.000249563
0.000247402
0.000249004
0.0002457
0.000244141
0.000249439
0.000247402
0.000249439
0.000247402
0.000249004
0.000247402
0.000249439
0.000247402
0.000249004
0.000247402
