0.000321958
0.000345662
0.00033761
0.000330907
0.000337496
0.000332336
0.000339098
0.000344471
0.000341413
0.000361272
0.000349773
0.000347947
0.000340832
0.000317561
0.000322893
0.000316857
0.000322997
0.000334113
0.000356761
0.000343643
0.000345423
0.000343643
0.000315956
0.000308547
0.000314268
0.000306937
0.000322269
0.00033036
0.000324359
0.000336022
0.000337724
0.000340368
0.000335121
0.000332557
0.000312793
0.000336927
0.00034459
0.00033761
0.000314961
0.000305064
0.000323834
0.000330251
0.000357398
0.000367377
0.00037092
0.000367512
0.000346981
0.000355492
0.000348068
0.000339905
0.000345304
0.000342231
0.00031736
0.00032352
0.000325945
0.000318066
0.000325945
0.000323625
0.000330033
0.000328947
0.000340483
0.000348675
0.000345901
0.000361533
0.000391696
0.000369276
0.000361272
0.000351617
0.000344471
0.000321958
0.000328192
0.00031746
0.000318471
0.000313873
0.000316356
0.000334672
0.000333556
0.000327011
0.000307882
0.000327439
0.000314762
0.000325309
0.000338753
0.000332116
0.000319183
0.000321543
0.000310849
0.000290107
0.00027465
0.00027894
0.00028885
0.000287604
0.000283046
0.000284172
0.000269614
0.000281849
0.000301296
0.000306843
0.000312598
0.000313578
0.000306937
0.000301386
0.000306843
0.000288018
0.000281849
0.000294724
0.000284414
0.000279642
0.000278552
0.000273523
0.000289603
0.000296121
0.00028169
0.00030349
0.000324675
0.0003465
0.000355872
0.000357654
0.000365497
0.000345185
0.00032352
0.00032457
0.00032352
0.00032113
0.000325945
0.000324465
0.000326052
0.000321234
0.000328192
0.000325521
0.000305344
0.000307503
0.000306091
0.00028393
0.000304692
0.000303767
0.000306091
0.000294811
0.000304414
0.000285714
0.000280899
0.000285388
0.000286615
0.000284576
0.000302024
0.000307598
0.000326691
0.000320513
0.000321543
0.00034965
0.000331675
0.000354484
0.000352609
0.000354484
0.000347102
0.000355619
0.000348675
0.000339674
0.000342583
0.000366435
0.000335683
0.000334001
0.000339213
0.000313676
0.000295683
0.000301023
0.000283688
0.000291206
0.000289101
0.000310655
0.000308452
0.000314268
0.000306937
0.000308261
0.000310463
0.000311429
0.000305157
0.000300391
0.000302663
0.000286205
0.000267809
0.000271592
0.000270856
0.000275255
0.000276932
0.000260417
0.000258866
0.000260417
0.000248139
0.000246792
0.000247402
0.000258465
0.000256937
0.000250063
0.000251446
0.000262055
0.0002574
0.000254388
0.000272035
0.000275482
0.0002574
0.00026469
0.0002574
0.000254388
0.000252972
0.000257931
0.000254001
0.00026688
0.000265111
0.000261028
0.000262055
0.000273149
0.000265675
0.000269687
0.000274048
0.000279877
0.000285144
0.000279096
0.000295072
0.000297265
0.000295946
0.000291121
0.000286123
0.00028082
0.000286123
0.000284091
0.000288684
0.000284091
0.000288684
0.000290613
0.000275103
0.000278629
0.000283366
0.000288268
0.000283688
0.000279564
0.000265463
0.000284333
0.000282486
0.000283688
0.000292569
0.000286205
0.000285388
0.000266383
0.000268025
0.000263366
0.000262674
0.00026441
0.000268097
0.000263922
0.000257732
0.000261712
0.000262398
0.000258398
0.000275482
0.000274725
0.00027027
0.000275938
0.00027027
0.000271887
0.000273823
0.000274574
0.000272628
0.000271003
0.000276167
0.00026824
0.000272331
0.000273075
0.000268673
0.000267953
0.000277008
0.000292398
0.00027972
0.000278552
0.000283206
0.000278552
0.00027933
0.000289268
0.00029146
0.000289268
0.00029577
0.000289268
0.000290529
0.00027533
0.000290867
0.000287026
0.000289184
0.000294811
0.000280505
0.00027972
0.000287026
0.000285796
0.000289603
0.000282167
0.000277008
0.000284172
0.00027465
0.000272702
0.000278474
0.000264201
0.000278474
0.000280505
0.00029985
0.000306843
0.000286615
0.000285796
0.000267451
0.000265604
0.000257202
0.000261165
0.000259471
0.000266596
0.000275558
0.000263852
0.000259808
0.000268384
0.000284657
0.00028547
0.000281294
0.000283046
0.000281294
0.000282486
0.000292826
0.000294985
0.000289101
0.000273748
0.000275406
0.000276167
0.000268528
0.000276167
0.000281532
0.000286369
0.000284333
0.000278319
0.000262743
0.000258665
0.000257202
0.00025355
0.000254972
0.000258866
0.00026295
0.000262261
0.000261233
0.000258131
0.000254194
0.000255885
0.000256871
0.000260349
0.000262055
0.000265252
0.000265957
0.000262329
0.000258331
0.000255297
0.000254647
0.000254001
0.000257931
0.00025
0.000248571
0.000247647
0.000246305
0.000246914
0.000247831
0.00024919
0.000247586
0.000246975
0.00024564
0.000250313
0.000254518
0.000257931
0.000251256
0.000246548
0.000242601
0.000249066
0.000247525
0.000248139
0.00024975
0.00025113
0.000251762
0.00025113
0.000251762
0.00025113
0.000250188
0.000258131
0.000261917
0.000276625
0.000272109
0.000273224
0.000272109
0.000273973
0.000274725
0.000270563
0.000268962
0.000272331
0.000263574
0.000262881
0.00026441
0.000265111
0.000269833
0.000261165
0.000262192
0.000257732
0.000256279
0.00026001
0.000256279
0.000243605
0.000243013
0.000246366
0.000245761
0.000246366
0.000254001
0.000250438
0.000249501
0.000250125
0.000251067
0.000248201
0.000251067
0.000255297
0.000254388
0.000255297
0.000250878
0.00025025
0.000253807
0.00025025
0.000248633
0.000249252
0.000253036
0.000256871
0.000252589
0.00024888
0.000248262
0.000247647
0.000249004
0.000250438
0.000249066
0.000249688
0.000249066
0.000247647
0.000248262
0.000247647
0.000248262
0.000247647
0.000248262
0.000247647
0.000249066
0.000249688
0.000248262
