0.000273973
0.00029036
0.000280505
0.000272554
0.000259943
0.000254518
0.000269397
0.000277162
0.00026688
0.000256148
0.000260417
0.000270929
0.000256608
0.000268168
0.000281611
0.000268889
0.000261097
0.000263296
0.000278396
0.000268097
0.000253293
0.000267451
0.000279174
0.000282885
0.000267094
0.000269833
0.000254907
0.000262329
0.000246609
0.000236239
0.000228206
0.000236239
0.000227946
0.000233754
0.000228206
0.000236239
0.000230203
0.000243072
0.000236798
0.000245761
0.000234082
0.00024426
0.000241488
0.000241896
0.000249875
0.000255102
0.000262055
0.000270636
0.000256345
0.000245158
0.000258933
0.000257467
0.000247647
0.000245339
0.000236239
0.000237473
0.000252143
0.000250125
0.000258598
0.000258131
0.000256674
0.000264201
0.000271444
0.000281294
0.000294291
0.000283286
0.000278242
0.000267165
0.000258799
0.000243368
0.00023116
0.000224366
0.000225479
0.00023855
0.000237304
0.000240964
0.000243724
0.000240964
0.000249938
0.000246002
0.000256739
0.000259875
0.000254453
0.000245158
0.000238663
0.000239923
0.000238663
0.000246366
0.000261506
0.000273823
0.000257268
0.000244499
0.000253036
0.000242483
0.000246366
0.000237192
0.000250125
0.000255363
0.000267523
0.000276472
0.000271592
0.0002886
0.000276702
0.000289268
0.000291121
0.000287191
0.000268456
0.00026137
0.000279955
0.000282965
0.000288184
0.000278474
0.000282167
0.000291121
0.000279877
0.000266596
0.000265041
0.000280584
0.000261917
0.000272926
0.00026824
0.000259134
0.000276702
0.000259134
0.000266099
0.000255624
0.000259943
0.000246548
0.000250501
0.000259471
0.000254065
0.00024079
0.000242072
0.000257202
0.00027137
0.000263922
0.000250501
0.000257202
0.000254712
0.000239866
0.000240269
0.000245098
0.000236016
0.000238152
0.000232126
0.000228676
0.000242777
0.000233155
0.000242895
0.000255493
0.000242895
0.000241604
0.000229516
0.000216873
0.000217912
0.000226706
0.000239464
0.000226963
0.000234907
0.000225785
0.000237473
0.000229358
0.000241371
0.000254194
0.000256279
0.000254194
0.000252781
0.000266454
0.000277469
0.000298507
0.000289771
0.000278629
0.000288351
0.000285225
0.000296912
0.000291375
0.000290782
0.00028401
0.000295683
0.000277855
0.000282965
0.000297089
0.000297708
0.000292056
0.000313087
0.000293858
0.000313873
0.000292312
0.000272109
0.000273748
0.000263713
0.000260485
0.000248942
0.000251889
0.000238834
0.000245339
0.000232234
0.000234302
0.000246002
0.00025227
0.000239981
0.000253165
0.000260349
0.000258866
0.000251004
0.000237982
0.000235349
0.000223914
0.000225023
0.000218245
0.000228519
0.000218245
0.000222222
0.000223814
0.000227118
0.000229568
0.000237982
0.000230894
0.000225632
0.000217391
0.000215889
0.000227946
0.000223764
0.000221877
0.000230681
0.000242836
0.000234082
0.000237643
0.000235018
0.000244678
0.000240906
0.000242777
0.000250815
0.000240674
0.000233263
0.000222717
0.00021245
0.000211461
0.000219732
0.000231428
0.000233973
0.000231428
0.000225734
0.000233046
0.000225734
0.000213904
0.000220946
0.000217817
0.000223714
0.000230521
0.000225124
0.000219154
0.00022604
0.000217297
0.000219106
0.000224215
0.000223864
0.000217108
0.000220216
0.000225225
0.000225581
0.00022007
0.000218245
0.000222222
0.000224568
0.000230309
0.000224568
0.000220507
0.000231589
0.000219877
0.000221729
0.000219443
0.000227842
0.000236295
0.000230787
0.000222173
0.000220313
0.000221386
0.000230044
0.000228885
0.000238607
0.000239866
0.000239464
0.000239866
0.000246427
0.000236518
0.000226963
0.000221386
0.000218245
0.000223564
0.00021322
0.000217912
0.00021322
0.000211775
0.000218198
0.000211775
0.000222025
0.000227635
0.000222025
0.000228571
0.000220653
0.00021363
0.000216638
0.00021164
0.000218771
0.000215703
0.000218723
0.000218388
0.000223814
0.000213402
0.000213721
0.000215193
0.000210172
0.000203791
0.000211461
0.000216544
0.000218771
0.000221926
0.000213767
0.000209118
0.000215843
0.000212857
0.000211416
0.000209336
0.000215239
0.000209336
0.000211015
0.000208203
0.000210261
0.000215193
0.000207254
0.000214915
0.000213174
0.000206398
0.000212134
0.000206356
0.000213767
0.000206356
0.000207987
0.000207039
0.000216826
0.000215054
0.000216826
0.000210837
0.00021182
0.000210837
0.000215564
0.000210615
0.000201369
0.000202265
0.000201369
0.000202675
