0.000313185
0.000328839
0.000325733
0.000303674
0.000296736
0.00030303
0.000304229
0.000310174
0.000317763
0.000320718
0.000341064
0.000352734
0.000354862
0.0003367
0.00034459
0.000322165
0.000304136
0.000326264
0.000333556
0.000315259
0.000307314
0.000308452
0.000311236
0.000302115
0.000296121
0.000292312
0.000279877
0.000285959
0.000306748
0.000305623
0.000287191
0.000281057
0.000301023
0.000302847
0.00029656
0.000303214
0.000294377
0.000295421
0.000292912
0.00031211
0.000319081
0.000311721
0.000331455
0.000329272
0.000338409
0.000356252
0.000338409
0.000313381
0.000320102
0.000313283
0.000312012
0.000290529
0.000297442
0.000319898
0.000312891
0.000319693
0.000316456
0.000332447
0.000334672
0.000352113
0.000343879
0.000367107
0.000357015
0.000346861
0.000355492
0.000333667
0.000331785
0.000340368
0.000333222
0.000330033
0.000333556
0.000342349
0.000354108
0.000337041
0.000321027
0.000324044
0.000340832
0.000334784
0.00035137
0.000375657
0.000384763
0.00037092
0.000384763
0.000389105
0.000378788
0.00039093
0.000369004
0.000378501
0.000367377
0.000364697
0.00034153
0.000350385
0.000324992
0.000323729
0.000316156
0.000331675
0.000316857
0.000299401
0.00029274
0.000299401
0.00029656
0.000316356
0.00032175
0.000323834
0.000332447
0.000340832
0.000358938
0.000335909
0.000326904
0.00033456
0.000326904
0.000318979
0.000320205
0.000314861
0.000329707
0.000322477
0.000328084
0.000324992
0.000340599
0.000331565
0.000334784
0.000344234
0.00036062
0.00036483
0.000366569
0.000394166
0.000373134
0.000365898
0.000347102
0.000345543
0.000330469
0.000350631
0.000326477
0.000319489
0.000316556
0.000321958
0.000316556
0.000314564
0.000300571
0.000306843
0.000299312
0.000287191
0.00028885
0.000310078
0.000317965
0.000311236
0.000326691
0.000309119
0.00030012
0.000307125
0.000290107
0.000298686
0.000296912
0.000302939
0.000289603
0.000302939
0.00030003
0.000301205
0.000307503
0.000301296
0.000305344
0.000299133
0.000305344
0.000298597
0.000314961
0.000308833
0.000310463
0.000323729
0.000308547
0.00031506
0.000317965
0.000316656
0.000318674
0.000311042
0.000297
0.000314861
0.000330251
0.000327118
0.000337838
0.000329381
0.000305623
0.000320102
0.000335458
0.000328084
0.000319693
0.000302847
0.000308737
0.000302389
0.000307314
0.000293945
0.000300752
0.000293945
0.000314564
0.000311721
0.000319898
0.00031027
0.000296648
0.000291206
0.000273448
0.000275634
0.000283206
0.000275634
0.000281057
0.000283607
0.000281294
0.00029577
0.000276396
0.000282406
0.000288934
0.000273823
0.000272331
0.000290951
0.000276932
0.000270783
0.000271739
0.00026617
0.00025641
0.00026062
0.000262605
0.000261438
0.000263435
0.000264831
0.000255885
0.000269034
0.000262055
0.000272926
0.000269687
0.000276932
0.000282247
0.000277316
0.000275103
0.000277316
0.000260349
0.000265604
0.000260892
0.000265604
0.000280662
0.000276549
0.000279955
0.00029753
0.000296472
0.000305437
0.000311818
0.000292569
0.000304321
0.0003003
0.000298507
0.000295683
0.000299581
0.000283366
0.000282326
0.000286615
0.000281215
0.00027533
0.000280505
0.000292056
0.000287604
0.000294551
0.000295683
0.000287439
0.000286369
0.000302297
0.000295159
0.000291375
0.000293083
0.000316556
0.00029753
0.000301477
0.000295508
0.000301477
0.000288268
0.000289268
0.000278629
0.000279642
0.000285796
0.000282247
0.000283607
0.000290192
0.00030175
0.000292997
0.000296824
0.000295334
0.000288351
0.000281849
0.000283206
0.000277855
0.000274499
0.000269324
0.000274348
0.000272851
0.000267881
0.00027894
0.000263505
0.000269324
0.00028082
0.000286287
0.000266951
0.00027248
0.000266525
0.000261233
0.000256739
0.000260281
0.000255754
0.000260417
0.000250752
0.000239693
0.000243665
0.000241955
0.000250627
0.000247341
0.00025208
0.000263644
0.000254065
0.000259336
0.00027248
0.00026688
0.000270709
0.000268601
0.000280034
0.000268601
0.00027972
0.000285878
0.000279486
0.000268097
0.000284091
0.000278009
0.000289939
0.000288517
0.000291206
0.00029967
0.000294985
0.000300571
0.00028777
0.000292227
0.000294724
0.000283688
0.000278707
0.000276243
0.000282008
0.000276243
0.000278707
0.000272926
0.000277701
0.000279018
0.000285551
0.000283206
0.000277855
0.000276932
0.000272183
0.000277316
0.00026455
0.000271665
0.000261165
0.000263158
0.000257599
0.000261849
0.000257599
0.000261849
0.000272702
0.000265534
0.000260824
0.000270929
0.000263992
0.000264831
0.00026001
0.00025582
0.00026001
0.000265675
0.00026001
0.00025582
0.000257732
0.000263296
0.000261301
0.000259336
0.000257202
0.000262192
0.000252717
0.000251953
0.000256871
0.000263574
0.000256871
0.000258799
0.000263574
0.000261575
0.000257998
0.000262605
0.000261438
0.00026448
0.000261438
0.000256345
0.000257467
0.000258264
0.000253421
0.000256279
0.000244618
0.000248447
0.00024432
0.000253743
0.000259
0.00024919
0.00024432
0.000246063
0.000245038
0.000246975
0.000251762
0.000249938
0.000254647
0.000258131
0.000244858
0.000245881
0.000244858
0.000242248
0.000240385
0.000249252
0.000254065
0.000249252
0.000252016
0.000249252
0.000251067
0.00024777
0.00024975
0.000247954
0.000244141
0.000245881
0.000246914
0.000245881
0.000248571
0.000252525
0.00024975
0.000241255
0.000232937
0.000233863
0.000232126
0.000235018
0.000234082
0.000235849
0.000232937
0.000235349
0.000232937
0.000234522
0.000232937
0.000233863
0.00023546
0.000227324
0.000228363
0.000225124
0.000230256
0.000226244
0.000225225
0.000228467
0.000226809
0.000228467
0.000225225
0.000226244
0.000224618
