0.00026137
0.000263783
0.000260485
0.000252653
0.000253421
0.000268312
0.000261506
0.00026976
0.000276778
0.000268097
0.000255558
0.000249563
0.000251509
0.000250752
0.000263158
0.000261712
0.000262674
0.000248942
0.000244738
0.00025208
0.000265182
0.000248818
0.000241663
0.000255363
0.000256345
0.000259336
0.000257998
0.00026617
0.000251509
0.00025227
0.000244918
0.000260756
0.000272109
0.000289352
0.000269978
0.000266738
0.000255493
0.000269469
0.000270929
0.000268673
0.000282725
0.000268673
0.00025355
0.000239923
0.000249563
0.00026617
0.000267666
0.000276319
0.000287522
0.000295508
0.000283688
0.000270636
0.000279642
0.000278707
0.000293686
0.000294724
0.000281373
0.000278629
0.000277701
0.000268745
0.000272257
0.000279642
0.000278552
0.000281294
0.000272183
0.000269614
0.000256608
0.000261233
0.000254777
0.000265957
0.000254777
0.000256805
0.000269833
0.000280505
0.000283286
0.000267881
0.000258131
0.000257136
0.00026824
0.000254842
0.000266809
0.000285714
0.000297708
0.000293513
0.000287687
0.000278319
0.000287687
0.000284819
0.000270343
0.000259067
0.000271003
0.000278319
0.000262329
0.000256016
0.000264061
0.000262674
0.000274273
0.000267165
0.000270636
0.00027972
0.000280662
0.000262261
0.000275862
0.000272257
0.000274876
0.000284172
0.000281373
0.000267594
0.000255951
0.000272405
0.000289687
0.000298063
0.000286041
0.000271444
0.000274048
0.00027115
0.000268601
0.000269687
0.000252781
0.000258933
0.000252781
0.000242895
0.000255951
0.000268025
0.000265816
0.000284576
0.000268528
0.000271813
0.000272851
0.000255558
0.000244559
0.000257798
0.000259875
0.000258866
0.000251067
0.000252334
0.000265463
0.000249813
0.000250752
0.000266525
0.000265111
0.000257003
0.000250752
0.000249875
0.000250752
0.000264201
0.00027115
0.000268889
0.000257798
0.000264201
0.000272851
0.000265816
0.000257599
0.000270343
0.000269251
0.000278164
0.000263296
0.000247893
0.000250063
0.000257798
0.000259875
0.000253678
0.000246366
0.00026062
0.000246548
0.000239521
0.000246427
0.000248818
0.000254777
0.000252525
0.000250564
0.000266312
0.000281928
0.000265322
0.000279018
0.000263713
0.000272257
0.000265463
0.000249813
0.000242601
0.000252717
0.000241955
0.000254777
0.000264271
0.000251953
0.00025974
0.000251953
0.000255037
0.000247463
0.000235349
0.000237304
0.000246731
0.000239693
0.000239006
0.000244678
0.000250438
0.000248016
0.000238493
0.000253614
0.000243427
0.00024432
0.000251636
0.000236742
0.000238493
0.000245519
0.000246245
0.000239234
0.000250438
0.000244499
0.000232558
0.000229991
0.000243191
0.000237756
0.000235239
0.000237417
0.00023084
0.000239981
0.000239177
0.000231374
0.000240269
0.000231374
0.000243072
0.000232504
0.00023359
0.000224014
0.000233809
0.000244559
0.000233372
0.000244978
0.00024426
0.000247158
0.000247893
0.000246609
0.000256805
0.000264901
0.000254065
0.000264831
0.000263783
0.000268673
0.000270197
0.000259
0.000258198
0.000253678
0.000254453
0.000255363
0.000240848
0.000239693
0.000228311
0.000231965
0.000231321
0.000232396
0.000230521
0.000239923
0.000238777
0.00023218
0.000246488
0.000258465
0.000257069
0.000265252
0.000263089
0.000263922
0.000270856
0.000253678
0.000255689
0.000254907
0.000265745
0.00026096
0.000261986
0.000262812
0.000261849
0.000258598
0.000261643
0.000259538
0.000258732
0.000260146
0.00026096
0.000249875
0.000240269
0.000250878
0.000248447
0.000250627
0.000239349
0.000238663
0.000233263
0.000244439
0.000254453
0.000255232
0.000256148
0.000255363
0.000244379
0.000255363
0.000243665
0.000242777
0.00024564
0.000247525
0.000244618
0.000235128
0.000235793
0.000241138
0.000229885
0.00022168
0.000222668
0.000218103
0.000209161
0.000213356
0.000215564
0.000214915
0.000216732
0.000216169
0.000207771
0.00020829
0.000212585
0.000204918
0.000214041
0.000209688
0.000209161
0.00020982
0.000217865
0.000212314
0.000204666
0.00020517
0.000201288
0.000201857
0.00020028
0.000203087
0.00020028
0.000207598
0.000199005
0.000203832
0.000211416
0.000203832
0.000196773
0.000198295
0.000193723
0.000192419
0.000195008
0.000194553
0.000198177
0.000194553
0.000195008
0.000193199
0.000195008
0.000194553
0.000195008
0.000193536
0.000194856
0.000193536
