0.000284091
0.000276778
0.000284091
0.000292312
0.000286451
0.000280426
0.000273299
0.000270051
0.000279564
0.000272035
0.000263019
0.000266099
0.000276778
0.000293083
0.000289352
0.000305623
0.000289268
0.000273823
0.000287191
0.000272777
0.000278474
0.000265252
0.000253807
0.000269397
0.00026617
0.000270124
0.000263227
0.000268168
0.000267738
0.000284819
0.000292569
0.000311333
0.000301659
0.000312207
0.000298686
0.000279564
0.000274198
0.000277546
0.000261028
0.000261438
0.00026824
0.000275862
0.000283607
0.000275862
0.00026824
0.000271518
0.000283447
0.000293945
0.000284576
0.000269179
0.000255037
0.000252143
0.000247525
0.000237135
0.000242836
0.000237248
0.000248756
0.000256148
0.000268962
0.000281849
0.000267165
0.000263435
0.000258331
0.00025227
0.000241896
0.000246063
0.000252461
0.000267953
0.000267023
0.000260146
0.000265322
0.000256739
0.000272702
0.000271003
0.000284819
0.000276702
0.000263158
0.000274725
0.000276472
0.000260078
0.000276472
0.000283768
0.000278242
0.000276472
0.000276014
0.000259605
0.000260485
0.000278087
0.000271076
0.000255558
0.000268745
0.000284495
0.000289939
0.000283768
0.000270051
0.000281057
0.0002886
0.000294898
0.000298864
0.000297708
0.000284576
0.000288934
0.000294898
0.00030175
0.000310849
0.000329815
0.000308833
0.000304599
0.000306748
0.000286697
0.00028777
0.000297354
0.000301386
0.000291545
0.000309693
0.000298954
0.000308452
0.000298954
0.000290529
0.000286862
0.000302389
0.00029577
0.000279877
0.000268962
0.000267308
0.000260824
0.000267594
0.000251256
0.000257268
0.000252717
0.000241429
0.000237643
0.000234687
0.000226193
0.00023663
0.000240616
0.000241955
0.000231054
0.000227376
0.000232612
0.000228519
0.000232019
0.000232342
0.000245399
0.000232342
0.000236407
0.000247831
0.000236072
0.000234797
0.000239006
0.000228363
0.000229568
0.000232396
0.000228467
0.000227273
0.00022237
0.000235073
0.00022237
0.000234247
0.000231803
0.000243132
0.000245821
0.00023546
0.000244678
0.00023175
0.000237417
0.000244141
0.000232721
0.000236967
0.000232721
0.000235128
0.000226603
0.000230468
0.000231696
0.000241721
0.000253485
0.000250627
0.000265534
0.000250627
0.000246063
0.000248818
0.000259134
0.000263922
0.000277008
0.000291886
0.000277393
0.000289017
0.000298686
0.000289017
0.000287936
0.000276396
0.000286369
0.000287439
0.000273373
0.00028082
0.000276702
0.00027571
0.000284495
0.000279252
0.000277469
0.000271813
0.000268528
0.000261301
0.000254712
0.00025025
0.000242601
0.000247219
0.000246853
0.000243546
0.000248077
0.000249501
0.000242718
0.000241371
0.000244618
0.000242014
0.000248756
0.000260756
0.000254582
0.000243132
0.000234028
0.000239808
0.000242895
0.000239693
0.000243784
0.000255363
0.000243902
0.000253485
0.000248756
0.000237417
0.000237756
0.000242014
0.000242777
0.000244141
0.000239808
0.000237248
0.000240385
0.000243013
0.000239923
0.000253872
0.000246609
0.000239981
0.000245459
0.000257136
0.000254194
0.000263922
0.00025355
0.000247709
0.000253936
0.000256805
0.000242542
0.000254388
0.000248139
0.000261165
0.000254712
0.00026688
0.000280269
0.000279799
0.000265534
0.000255689
0.000251193
0.000248447
0.000242248
0.000252653
0.000264971
0.000252972
0.000257798
0.000260824
0.000263922
0.000258866
0.000257998
0.000246245
0.000257467
0.000261917
0.000258866
0.000254518
0.000265322
0.000263713
0.000266809
0.000255885
0.000256279
0.000257798
0.000254842
0.000259808
0.000258264
0.000255363
0.000256213
0.000251383
0.000240674
0.000240327
0.000241663
0.00024426
0.000234028
0.000236518
0.000233481
0.000237643
0.000241896
0.000240558
0.000247463
0.000243013
0.000232504
0.000234962
0.000225938
0.000227118
0.000225938
0.000226244
0.000225938
0.000229779
0.000227428
0.000228624
0.000228938
0.000227739
0.000225479
0.000228206
0.000224417
0.000228206
0.000233155
0.000229043
0.000230256
0.000229043
0.000231374
0.000231054
0.000234852
0.000231054
0.000231374
0.000232612
0.000231374
0.000229043
0.000231374
0.000229043
0.000235073
0.000231054
0.000234632
0.000237699
0.000227739
0.000228938
0.000223214
0.000227118
0.00022482
0.000224517
0.000221239
0.000221533
0.000221239
0.000221533
0.000223714
0.000225989
0.000222222
0.000217723
0.000215657
0.000219202
0.000223764
0.000223464
0.000223764
0.00022007
0.000218962
0.000223714
0.000218055
0.000220167
