0.000355619
0.000364299
0.000358551
0.000339789
0.000327439
0.000314663
0.000314268
0.000297265
0.000281136
0.000301296
0.000311139
0.000296121
0.00030003
0.000293686
0.000281373
0.000287274
0.000279877
0.000264901
0.000273898
0.000279955
0.000269833
0.000275179
0.000278396
0.000269179
0.00026178
0.000256937
0.000242131
0.000249563
0.000256213
0.000257268
0.000264901
0.000276091
0.000279486
0.000270197
0.000263435
0.000258532
0.000273299
0.000258532
0.00027533
0.00028401
0.00029163
0.000285551
0.000294377
0.000299312
0.000323939
0.000344234
0.000334336
0.000342583
0.000340716
0.000352113
0.000339674
0.000349773
0.000365497
0.000375516
0.000363901
0.000382555
0.000366972
0.000376932
0.000346141
0.000335458
0.000330579
0.000319489
0.000345781
0.000334784
0.000346981
0.000365898
0.000371885
0.000365898
0.000388048
0.000377501
0.000371609
0.000364033
0.000344828
0.000327976
0.000315259
0.00030248
0.000312989
0.000314564
0.000303951
0.000312989
0.000289939
0.000279877
0.000268168
0.000261506
0.000272109
0.000286697
0.000275179
0.000291375
0.000282167
0.00029985
0.000295946
0.000300933
0.000280662
0.000286451
0.0002936
0.000311236
0.000304414
0.00031348
0.00030656
0.000320924
0.000314169
0.000292312
0.000306466
0.000301296
0.000311042
0.000311429
0.000327332
0.00035524
0.000360881
0.00035014
0.000344828
0.000332779
0.000324254
0.000333556
0.000313972
0.00030021
0.000312793
0.000290951
0.000296736
0.000280662
0.000272702
0.000279174
0.000282486
0.000292654
0.000298954
0.000288351
0.000275786
0.000279174
0.00029163
0.000305717
0.000316456
0.000308071
0.000294551
0.000303859
0.000309119
0.000298864
0.000285551
0.000298864
0.000287356
0.000297885
0.000284657
0.000281136
0.000265534
0.000273673
0.00027248
0.000280505
0.000268601
0.00026462
0.000265745
0.00026976
0.000261849
0.00027137
0.000286369
0.000274348
0.000269034
0.000280034
0.00027571
0.000268025
0.000258732
0.000273523
0.000282087
0.000295247
0.000294898
0.000298775
0.000282486
0.000291036
0.000289687
0.000297619
0.000285225
0.000291206
0.000274499
0.000277855
0.000274499
0.00026824
0.000263505
0.000250188
0.000251193
0.000256674
0.000266667
0.000254323
0.000267451
0.000272331
0.000269107
0.00025582
0.000249938
0.000243605
0.000237192
0.000241721
0.000246853
0.000254647
0.000248633
0.000251383
0.000246124
0.000238892
0.000246124
0.000243487
0.000247831
0.000245278
0.00023912
0.000247036
0.000254065
0.000254323
0.000244499
0.000237304
0.000239808
0.000235682
0.000239808
0.000242365
0.000249875
0.000244618
0.000248016
0.000240674
0.0002457
0.000238436
0.000248077
0.000241371
0.000248818
0.000265604
0.000256476
0.000262881
0.000254582
0.00024919
0.000240442
0.000239521
0.000250752
0.000248016
0.000260146
0.000270416
0.000278862
0.000278552
0.000294377
0.000288268
0.0002918
0.000292141
0.000314169
0.000296736
0.000291886
0.000293255
0.000272926
0.000264831
0.000274574
0.000268745
0.000275558
0.000284252
0.000280741
0.000270563
0.000262674
0.000259808
0.000265675
0.000268673
0.000276472
0.000265745
0.000271961
0.000271665
0.000271961
0.000260417
0.000254777
0.000257666
0.000250878
0.00026476
0.000268745
0.000280505
0.000266099
0.000280034
0.000290951
0.000287439
0.000294638
0.000303951
0.000296296
0.000283206
0.000291886
0.000305157
0.00029656
0.000300481
0.000295508
0.000300481
0.000304321
0.00029656
0.000307882
0.000315557
0.000297885
0.000294204
0.000285388
0.000293341
0.000282247
0.000274198
0.000268889
0.000260213
0.000271739
0.000268528
0.000254259
0.000250689
0.000239464
0.000248571
0.000257136
0.000267738
0.000270783
0.000265534
0.000268673
0.000282486
0.000270783
0.000267738
0.000270783
0.000259943
0.000264971
0.00027115
0.00026455
0.000259538
0.000265393
0.000259538
0.000266738
0.000257533
0.000242542
0.000250689
0.000257865
0.000266312
0.000278009
0.000276778
0.000273448
0.000262743
0.000255297
0.000248694
0.000253293
0.00024325
0.000232937
0.000236911
0.000242895
0.000235849
0.000244738
0.0002405
0.000244738
0.000235849
0.000249875
0.000247158
0.000243132
0.000245761
0.000246731
0.000253743
0.000248756
0.000244379
0.000241779
0.00024919
0.000248201
0.00024919
0.000241138
0.000247402
0.000252334
0.000251319
0.000244918
0.000237756
0.000238663
0.000249501
0.000242718
0.000229463
0.000231803
0.000238663
0.000243605
0.000258598
0.000252972
0.000248016
0.000252525
0.000255363
0.000252525
0.000246002
0.000250878
0.000246366
0.000241313
0.00024558
0.000245339
0.00024558
0.000250063
0.000236016
0.000229305
0.000227015
0.000224871
0.000229621
0.000237982
0.000241196
0.000240964
0.000247158
0.000243784
0.000235018
0.000237361
0.000239866
0.000235405
0.000240269
0.0002405
0.000234632
0.000232234
0.000234632
0.000248509
0.000245821
0.000240211
0.000237812
0.000241663
0.000236742
0.00023912
0.000235073
0.000241429
0.000239006
0.000241546
0.000237699
0.000240906
0.000237699
