0.000433276
0.000448632
0.00043554
0.000416493
0.000403063
0.000412712
0.000379795
0.000359066
0.000373134
0.000352113
0.00036036
0.000374392
0.000366435
0.000349528
0.00035791
0.000379651
0.000368596
0.000359971
0.000358809
0.000366569
0.00034626
0.000362845
0.000373692
0.000405515
0.000394789
0.000379219
0.00037092
0.000363504
0.000343525
0.000353107
0.000338181
0.000345781
0.000366032
0.00038835
0.000408163
0.000436681
0.000417537
0.000409836
0.000418235
0.000404858
0.000373134
0.000378931
0.000378931
0.000361795
0.000394011
0.000401284
0.000388048
0.000406009
0.000419463
0.000407498
0.0004
0.000393546
0.000402253
0.000389712
0.00041425
0.00041425
0.000392773
0.000409333
0.000419463
0.000393546
0.000370233
0.000377786
0.000370096
0.000361795
0.000383436
0.000382848
0.000388954
0.00039984
0.000390168
0.000382848
0.000402576
0.000412201
0.000434594
0.000407664
0.00043611
0.000413565
0.000421585
0.000414422
0.000378931
0.000396983
0.000389864
0.000381825
0.000373413
0.000384911
0.000370233
0.000385208
0.000375799
0.000354484
0.00034002
0.000327439
0.000338983
0.000344234
0.000376506
0.000377074
0.000414938
0.000457875
0.000462749
0.000485909
0.000480538
0.000480077
0.000433088
0.00041876
0.000422833
0.000408998
0.000392465
0.000385654
0.000386997
0.000394477
0.000403226
0.000386847
0.000352858
0.000358038
0.000364033
0.000356888
0.000370782
0.000364564
0.000351124
0.000350018
0.00037037
0.000350018
0.000363108
0.000369276
0.000378644
0.000371747
0.000379363
0.000388954
0.000398565
0.000408664
0.000404858
0.000404204
0.000422119
0.000436872
0.000424809
0.000397772
0.00040568
0.000389257
0.000380084
0.000371885
0.000361141
0.000382117
0.000373274
0.000342349
0.000343407
0.000346141
0.000334225
0.000340483
0.000347826
0.000358423
0.00034965
0.000365631
0.00035461
0.000339559
0.00034638
0.00036049
0.000382555
0.000376648
0.000370233
0.000370508
0.000353732
0.000334784
0.000364299
0.000364299
0.000370508
0.000350263
0.000365631
0.000365364
0.000346141
0.000353732
0.000325839
0.000326052
0.000335345
0.00034002
0.000333
0.000340368
0.000349895
0.000349895
0.000377644
0.000349895
0.000369549
0.000368324
0.00036062
0.00036036
0.000350263
0.000340136
0.000352485
0.000352485
0.000352734
0.000361664
0.000362188
0.000353607
0.000353107
0.00034638
0.0003663
0.000357782
0.000354862
0.000355366
0.000349284
0.000376932
0.000383436
0.000386847
0.000378931
0.000386997
0.000407166
0.000407166
0.000390778
0.000374111
0.000373552
0.000367377
0.000373552
0.000381825
0.000381825
0.000367107
0.000358938
0.000369413
0.000385654
0.000411015
0.000401929
0.000378072
0.000385951
0.000375799
0.000385951
0.000386548
0.000398883
0.000374953
0.000359583
0.000353857
0.000359583
0.000344709
0.000350631
0.000345662
0.000338868
0.000322269
0.000326584
0.000338181
0.000325733
0.000333
0.000346021
0.000376648
0.00037037
0.000379507
0.000371885
0.000368732
0.000353982
0.000368868
0.000386698
0.000380662
0.000352485
0.000373134
0.000374392
0.00035727
0.00036483
0.000356125
0.00036324
0.000369276
0.000369276
0.000369276
0.000368732
0.000367512
0.000370645
0.000379363
0.000370645
0.000382702
0.000372717
0.000387747
0.000381098
0.000381098
0.00039032
0.000357526
0.000357526
0.000349406
0.000369549
0.000361272
0.000369959
0.000362582
0.000370508
0.000362582
0.000363108
0.000356761
0.000364431
0.000365631
0.000371747
0.000363901
0.000355492
0.00036075
0.0003465
0.000334448
0.000342114
0.000336927
0.000336927
0.000336927
0.000350263
0.000344709
0.000339905
0.00034638
0.000343643
0.000342583
0.000356506
0.000337724
0.000345304
0.000345066
0.000335796
0.000336814
0.00034153
0.000331895
0.000323415
0.000323415
0.000323415
0.000323415
0.000323415
0.000331895
0.000350018
0.000336587
0.000343761
0.000343997
0.000334896
0.000337496
0.000336474
0.000331895
0.000332889
0.00034188
0.000334784
0.000318167
0.000322373
0.000318167
0.000323206
0.000332336
0.00036049
0.000368732
0.000368189
0.000365097
0.000373552
0.000366838
0.000366838
0.000366838
0.000366838
0.000385505
0.000375799
0.000382263
0.000401929
0.000381679
0.000350263
0.000350263
0.000336927
0.000343643
0.00034638
0.000338753
0.000329924
0.000323311
0.000307692
0.000312891
0.000316957
0.00031736
0.00030525
0.000311139
0.00031027
0.000305998
0.0003003
0.000304785
0.000299401
0.000306748
0.000306373
0.000312012
0.000302115
0.000306279
0.000317259
0.000311915
0.00031837
0.000314268
0.00030349
0.000297619
0.000297442
0.000302297
0.000302297
0.000296736
0.00030303
0.000296736
0.00030303
0.000308833
0.000309693
0.000309885
0.00030525
0.000304414
0.000304229
0.000299312
0.000310945
0.000317561
0.000317763
0.000329707
0.000316356
0.000308071
0.000320718
0.000320718
0.000320513
0.000325309
0.000326264
0.000326264
0.000320513
0.000326264
0.000326477
0.000326264
0.000331565
0.000325203
0.00032041
0.00032041
0.000313381
0.000301568
0.000300752
0.00030722
0.000301023
0.000308356
0.000314367
0.000308356
0.000308356
0.000297885
0.000303767
0.000303767
0.000310078
0.000314564
0.000306937
0.000301205
0.000297089
0.000295072
0.000305344
0.000305344
0.000305344
0.000295072
0.000302663
0.000291375
0.000291715
0.000291886
0.00028777
0.000292997
0.000293772
0.000298954
0.000298954
0.000298151
0.000302572
0.000302389
0.000296384
0.000296384
0.000291036
0.000296384
0.000289519
0.000289519
0.000303582
0.000303582
0.000318269
0.000303582
0.000289519
0.000289687
0.000289519
0.000290276
0.000290444
0.000297354
0.000290444
0.000297265
0.00029163
0.000295159
0.000294811
0.000294811
0.000287604
0.000296384
0.000287604
0.000297354
0.000290529
0.000290867
0.000300752
0.000290867
0.000290867
0.000286779
0.000292398
0.000282965
0.000282247
0.000282247
0.000277393
0.000278087
0.000282326
0.000278087
0.000278087
0.000282965
0.000278087
0.000283206
0.000278087
0.000278087
0.000277393
0.000282486
0.000282486
0.000283206
0.000279955
0.000279799
0.000279955
0.000283849
0.000287191
0.000286862
0.000283527
0.000283527
0.000283366
0.000282646
0.000282805
0.000282646
0.000282805
0.000283126
0.000278784
0.000279486
0.00027933
0.000279486
