0.000283849
0.000277239
0.000272628
0.000290023
0.000313087
0.000292912
0.000304321
0.000316556
0.000341997
0.000327011
0.000337268
0.000315557
0.000303398
0.000293945
0.000299312
0.000293858
0.000294291
0.000306185
0.000328299
0.000314663
0.000308737
0.000332116
0.000322165
0.000334448
0.00035014
0.000326158
0.000303582
0.000284252
0.000288184
0.000284252
0.000302663
0.000311915
0.000311429
0.000308356
0.000307882
0.000297442
0.000304971
0.000315159
0.000295247
0.00028885
0.00027049
0.000276778
0.000279252
0.000268097
0.000268456
0.000251319
0.000263574
0.000266951
0.000273748
0.000286205
0.000269251
0.000273448
0.000273823
0.000260756
0.00024975
0.000244678
0.000259605
0.00027533
0.000280034
0.000270563
0.000280034
0.000270343
0.000259202
0.000256937
0.000261986
0.00027137
0.000265957
0.000261712
0.000265957
0.000274273
0.000257666
0.000267953
0.000263922
0.000275482
0.00028547
0.000273823
0.000280191
0.000270563
0.000281928
0.000279408
0.000265534
0.000265182
0.000252781
0.000267953
0.000270416
0.000263783
0.000268168
0.000252972
0.000243191
0.000238322
0.000238607
0.000241896
0.000234302
0.000247036
0.000260146
0.000251509
0.000262674
0.000258465
0.000258131
0.000262329
0.00026455
0.00026062
0.000273973
0.000292826
0.000284657
0.000295334
0.000288268
0.000287853
0.000273149
0.000287853
0.000276014
0.000262467
0.000260146
0.000256016
0.000241488
0.000255558
0.000247647
0.000255558
0.000241488
0.000250501
0.000246731
0.000247036
0.000246731
0.000234028
0.000248818
0.000254712
0.000270929
0.000278319
0.000259943
0.000246853
0.000247158
0.000261643
0.000250564
0.00025025
0.000262398
0.000254777
0.000245459
0.000250564
0.000255951
0.000263644
0.000257931
0.000243191
0.000243487
0.000251699
0.000251383
0.000248385
0.0002531
0.000248385
0.000260485
0.000248509
0.000256674
0.000267594
0.000258331
0.000258665
0.000262536
0.000255428
0.000253357
0.000241896
0.000241604
0.000256016
0.000268601
0.000274801
0.000279564
0.000279955
0.000301296
0.000319081
0.000312891
0.000313381
0.000301568
0.000317763
0.000309598
0.000292997
0.000288184
0.000308452
0.000286123
0.000269179
0.000253614
0.000256739
0.000272109
0.000256739
0.000260892
0.000264831
0.000258131
0.00025208
0.000259403
0.000251953
0.000257998
0.000257666
0.000264901
0.000252525
0.000246731
0.000263227
0.000255689
0.000263227
0.00027894
0.000289017
0.000269251
0.00026137
0.000258131
0.000265957
0.000254518
0.000270197
0.000277546
0.000288268
0.000290951
0.000286205
0.000276167
0.000283447
0.000276167
0.000276549
0.000259808
0.000252845
0.000248942
0.000235571
0.000238265
0.000250438
0.000265957
0.00025227
0.000238265
0.000226706
0.000229674
0.000240154
0.000239866
0.000232396
0.000244918
0.000235738
0.000245519
0.000238209
0.000247586
0.000234797
0.00022477
0.000220604
0.000229991
0.000237304
0.000240848
0.000234412
0.000237812
0.000238095
0.00024919
0.000247219
0.00024432
0.000246366
0.000240558
0.000247341
0.000239406
0.000236183
0.000232829
0.000237473
0.000240964
0.000237473
0.000245158
0.000260146
0.000266951
0.000273
0.000278707
0.000270124
0.000264201
0.000249439
0.000239923
0.000249439
0.000253293
0.000243487
0.000249938
0.000249626
0.000244499
0.000244798
0.000237135
0.000239866
0.000247402
0.000250941
0.000252972
0.000262881
0.000256279
0.000263852
0.000273598
0.000269107
0.0002574
0.000254259
0.000239923
0.000229621
0.000229358
0.000225479
0.000229358
0.000223914
0.000224165
0.000228467
0.000231
0.000225175
0.000220994
0.000224014
0.000229463
0.000222568
0.000222321
0.000218675
0.000229938
0.000226963
0.000223864
0.000227687
0.000230681
0.000230947
0.000234247
0.000222568
0.000220216
0.000224366
0.00022941
0.000224366
0.000224115
0.000232937
0.000229674
0.000242131
0.000229674
0.000225327
0.00021631
0.000219202
0.000219443
0.000219202
0.000212269
0.000212495
0.000214684
0.000214454
0.000212269
0.000212495
0.000216779
0.000216544
0.000213083
0.000213311
0.000216779
0.000213311
0.000213083
0.000210349
0.00021645
0.000220022
0.000217297
0.000220216
0.000220459
0.000216873
0.000216638
0.000218914
0.00022168
0.000218675
0.000218914
0.000212675
0.00021796
0.000213038
0.000212811
