0.000387747
0.00039185
0.000391696
0.000399361
0.000371058
0.000351247
0.000376506
0.000379939
0.000398089
0.000366166
0.000391083
0.000375375
0.00037679
0.000372995
0.000398406
0.000398248
0.000391696
0.000391696
0.000421585
0.000434028
0.000393546
0.000371195
0.00036075
0.000339789
0.000327225
0.000302847
0.000319081
0.000309693
0.000309789
0.000307503
0.000285388
0.000294464
0.000279564
0.000291971
0.000294031
0.000284981
0.000274499
0.000263505
0.000273149
0.000286041
0.000286041
0.000272926
0.000272183
0.000262605
0.000274048
0.000261575
0.000277469
0.000277546
0.000288268
0.000278629
0.000281928
0.000280034
0.000286287
0.000294204
0.000276396
0.0002849
0.00027972
0.000276472
0.000292912
0.000285063
0.000273149
0.000281849
0.000289603
0.000278784
0.000294464
0.000277855
0.000291971
0.00030553
0.000315856
0.000311042
0.000302115
0.000302115
0.000287026
0.000278396
0.000282247
0.000290023
0.000292312
0.000286615
0.000287439
0.000292912
0.000280426
0.000263574
0.000271297
0.000271297
0.000271223
0.00026441
0.00026448
0.00026441
0.000261028
0.00026096
0.000263852
0.000273523
0.000280741
0.000273523
0.00027533
0.000285551
0.000266809
0.000259336
0.000250627
0.000250689
0.000245881
0.000254259
0.000266028
0.000261506
0.000266028
0.000278707
0.000299222
0.000293513
0.000292654
0.000273
0.000280191
0.000287853
0.000298151
0.000283688
0.000271003
0.000289603
0.000295159
0.000285063
0.000299133
0.000287936
0.000284495
0.000301932
0.000288101
0.000298418
0.000281373
0.000296472
0.000296384
0.000285063
0.000291545
0.000289519
0.000291545
0.000277469
0.000277546
0.000277624
0.000291206
0.000304692
0.000284172
0.00027533
0.000275255
0.000263296
0.00028082
0.000294985
0.000309502
0.000292227
0.000295858
0.000285714
0.000279486
0.000279564
0.000276319
0.000277085
0.000285633
0.000285551
0.000293513
0.000279486
0.000292997
0.000313087
0.000313185
0.000312207
0.000324359
0.000314663
0.000299133
0.000296736
0.000302847
0.000289519
0.000289436
0.000270856
0.000269107
0.000269833
0.000257268
0.000270563
0.00026295
0.000270563
0.000263783
0.000255689
0.000258933
0.000258866
0.000272109
0.000260213
0.000276625
0.000271739
0.000277624
0.000263644
0.000265534
0.000262123
0.000265534
0.000265604
0.000263713
0.000263019
0.000265957
0.000262536
0.000265957
0.000258532
0.000266809
0.000263852
0.000257467
0.000257533
0.000254323
0.000255885
0.000266312
0.00026462
0.000257334
0.000259134
0.000251319
0.000254453
0.00026476
0.00026137
0.000259538
0.000263992
0.000275028
0.000263505
0.000273149
0.000285551
0.000275028
0.000269251
0.000254259
0.000265816
0.000267523
0.000280112
0.000280034
0.000278164
0.000265745
0.000266454
0.000265745
0.000272554
0.00027248
0.000260349
0.00026824
0.000257732
0.000245821
0.000247463
0.000241838
0.000254323
0.000244798
0.000245399
0.000241546
0.000247158
0.000258065
0.000258131
0.000256345
0.000250313
0.000260213
0.000250313
0.000266099
0.000273973
0.000266099
0.000269107
0.000269179
0.000276243
0.000278319
0.000261712
0.000255363
0.000252653
0.00025582
0.000260146
0.000252717
0.000263922
0.000251256
0.000253936
0.000255493
0.000253743
0.00026001
0.000255493
0.000257268
0.000261849
0.000261165
0.000245942
0.000234247
0.000246914
0.000245459
0.000242542
0.000242483
0.000243902
0.000243843
0.000249563
0.000248077
0.000248139
0.000253036
0.000242542
0.000243962
0.000244559
0.000244499
0.000240674
0.000246305
0.000243784
0.000243843
0.000242424
0.000245339
0.000240732
0.000242131
0.000246792
0.000246853
0.000246245
0.000233645
0.00023596
0.000244738
0.00023596
0.000239636
0.000240211
0.000237812
0.000232612
0.000232558
0.000232504
0.000232558
0.000227531
0.000225023
0.000225073
0.000227221
0.000229779
0.000227583
0.000226347
0.000227583
0.000225073
0.000225023
0.000225073
0.000227583
0.000229779
0.000227221
0.000225073
0.000225023
0.000225073
0.000227221
0.000225073
0.000230947
0.000230894
0.000226809
0.000226757
0.000226809
0.000226757
0.000226809
0.00022686
0.000225632
0.000225581
0.000225632
0.000225581
