0.000447227
0.000495786
0.000472367
0.000506073
0.000455581
0.000477327
0.000455581
0.000428266
0.000434216
0.000408163
0.00039557
0.000399042
0.000394322
0.000392311
0.000361664
0.000364964
0.000366838
0.000395726
0.000407997
0.000406339
0.000419639
0.000417188
0.000409668
0.000397298
0.000413736
0.00043573
0.000451467
0.000490196
0.000486381
0.000478927
0.00048216
0.000439947
0.000408497
0.000392465
0.000371885
0.000390472
0.00036075
0.00037092
0.000391696
0.000374532
0.000363901
0.000383436
0.0003663
0.000367647
0.000365764
0.000364299
0.000380518
0.000386997
0.000380518
0.000385208
0.000372439
0.000376648
0.000372162
0.000362188
0.00036036
0.000357143
0.000372717
0.000383877
0.0004
0.000402576
0.000382848
0.000414422
0.000395257
0.000377786
0.000358423
0.000377786
0.000366703
0.000379075
0.000401445
0.00042123
0.000445236
0.000430663
0.000458505
0.000433088
0.000447828
0.000443459
0.000447828
0.000444642
0.000447427
0.000456413
0.000418936
0.00045208
0.000457247
0.000506073
0.000539374
0.000530786
0.000498504
0.000458505
0.000430663
0.000432713
0.000416667
0.000393236
0.000386548
0.000369822
0.000381098
0.000379507
0.000368324
0.000379507
0.000397141
0.000398883
0.000372024
0.000355114
0.000374111
0.000346741
0.000348432
0.000338983
0.000349528
0.000365898
0.00039185
0.000376364
0.000380662
0.000369959
0.000368053
0.000349162
0.00036245
0.000382848
0.000389408
0.000361402
0.000372162
0.00035524
0.000357015
0.00035868
0.000355492
0.000357526
0.00034459
0.000335458
0.000339098
0.000337496
0.000332557
0.000344709
0.00036036
0.000384615
0.000369549
0.000372995
0.000368868
0.000366703
0.00036483
0.00036062
0.000378072
0.000376223
0.00036523
0.000382263
0.000365898
0.000370233
0.000402901
0.00040783
0.00040016
0.000402414
0.000375094
0.000404858
0.000382702
0.000381243
0.000383142
0.000378788
0.00035524
0.000369004
0.00037092
0.000354862
0.000338066
0.000328192
0.000338066
0.000328192
0.00034188
0.000327761
0.000336587
0.000335008
0.000323625
0.000331565
0.00033036
0.000341647
0.000327976
0.000344116
0.000366166
0.000380952
0.000369686
0.000355745
0.000372717
0.000369686
0.000347222
0.000358295
0.000389864
0.000371333
0.000360881
0.000366703
0.000368053
0.000379075
0.000352858
0.000347464
0.000369959
0.000372995
0.000379219
0.000365364
0.000337496
0.000314268
0.000335233
0.000347584
0.000342349
0.00034118
0.000343053
0.00032113
0.000304044
0.000323625
0.000334448
0.000313578
0.000317965
0.000319081
0.000332668
0.000331236
0.000323311
0.000324781
0.000333444
0.000346981
0.000336587
0.000338066
0.000327011
0.000322373
0.000327332
0.000325839
0.000322477
0.000336134
0.000334672
0.000338295
0.000336474
0.000339905
0.000353982
0.000344353
0.00034626
0.000343289
0.000352734
0.000364166
0.000352734
0.000353982
0.000351989
0.00037037
0.000381534
0.000370233
0.000373692
0.000354988
0.000339789
0.000337268
0.000336022
0.000320616
0.000336022
0.000324465
0.000333111
0.00033456
0.000325839
0.000322477
0.000310752
0.00029753
0.000304229
0.000306279
0.000304971
0.000307977
0.000301114
0.000308166
0.000309693
0.000297885
0.000307598
0.000300391
0.000293686
0.000290951
0.000281373
0.000282486
0.000297708
0.00029577
0.000316256
0.000303951
0.000311139
0.000322893
0.000333667
0.000337268
0.000335458
0.000359454
0.00036523
0.000351617
0.000349895
0.000352609
0.000364033
0.000366166
0.000353232
0.000327869
0.00034153
0.000357143
0.000346141
0.000359324
0.000361141
0.000357015
0.000347584
0.000333444
0.000331895
0.000330797
0.000329056
0.000324044
0.000325733
0.000327225
0.000322581
0.000310849
0.000329272
0.000337724
0.000363636
0.000369959
0.000363636
0.000365497
0.000371471
0.000369549
0.000373972
0.000354484
0.000355872
0.000361925
0.000363769
0.000347584
0.000345901
0.000358295
0.000336587
0.000335008
0.000332557
0.000311915
0.000322477
0.000319183
0.00032144
0.000303767
0.000305064
0.000298151
0.000301023
0.000297089
0.000301023
0.000296824
0.000309789
0.000311139
0.000308261
0.000311139
0.000329707
0.000328192
0.000326691
0.000331785
0.000323311
0.000305437
0.000303951
0.000305437
0.000303951
0.000311526
0.000307031
0.000314169
0.000306466
0.000305437
0.000312695
0.000314268
0.000318979
0.00031736
0.000318471
0.000317158
0.000336361
0.000337838
0.000318471
0.000320102
0.000317864
0.000318878
0.000308547
0.000301477
0.000283447
0.000292141
0.000283849
0.000280348
0.000276702
0.000278396
0.000279486
0.000289352
0.000295858
0.000294724
0.000291971
0.000290107
0.000291206
0.00029036
0.000289017
0.000290192
0.00030248
0.000290192
0.000310559
0.000309215
0.000302115
0.000313185
0.000314564
0.000313185
0.000317561
0.000318573
0.000320821
0.000308737
0.000307692
0.000308737
0.0002886
0.00029129
0.000289436
0.000302297
0.000303582
0.000302572
0.000301296
0.000299043
0.000288934
0.00029985
0.000297
0.000298954
0.000297
0.000298954
0.000295072
0.000301841
0.000305904
0.000299133
0.000306373
0.000305064
0.000292483
0.000299491
0.000300481
0.00029129
0.000294031
0.000292141
0.00028547
0.000287522
0.00028393
0.000277932
0.000275482
0.000276549
0.000275482
0.000276549
0.000279955
0.000285878
0.000277469
0.000274123
0.000277469
0.000279174
0.000280269
0.000279174
0.000277239
0.000279174
0.000286287
0.000284495
0.000277469
0.000281136
0.000282406
0.000288767
0.000287853
0.000290529
0.000291715
0.0002936
0.000291036
0.000297619
0.000291036
0.000289687
0.00029656
0.000292483
0.0003003
0.000292483
0.00029129
0.000292483
0.00029656
0.00029274
0.000291545
0.000292483
0.00029129
0.00029036
0.000291715
0.000292912
0.000295508
0.000293341
0.000294291
0.000287604
0.000288767
0.000287439
0.000280978
0.000279877
0.000280978
0.000282247
0.000278552
0.000277316
0.000280741
0.000284495
0.000285796
0.000284657
0.000283366
0.000279877
0.000280978
0.000277316
0.000278552
0.000277316
0.000278552
0.000277469
