0.00035727
0.000358551
0.000372578
0.000374392
0.000372856
0.000372995
0.000351494
0.000342583
0.000355619
0.00035791
0.000356633
0.0003663
0.000383142
0.000405186
0.000409836
0.000417188
0.000416493
0.00041632
0.000406339
0.000401768
0.000401929
0.000380228
0.000365631
0.000367107
0.000367647
0.000359195
0.000336587
0.000339789
0.000369413
0.000367647
0.000346861
0.000354108
0.000375799
0.000371885
0.000355114
0.000356633
0.000345781
0.000323625
0.000307409
0.000307503
0.000297708
0.000308166
0.00029824
0.00029994
0.000299581
0.000285144
0.000285063
0.000294118
0.000294204
0.000305623
0.000295858
0.000319081
0.000323625
0.000311526
0.000290192
0.000305157
0.000305064
0.000305998
0.000305064
0.00031746
0.000305064
0.000305157
0.000306373
0.000307314
0.000306185
0.000291121
0.000287439
0.000291121
0.000293686
0.000303214
0.000301568
0.000292141
0.000309023
0.000292141
0.000292056
0.000282646
0.00030012
0.00030021
0.000299312
0.000305157
0.000306843
0.00030581
0.000287687
0.00030581
0.000300391
0.000311624
0.00029976
0.000298597
0.000301114
0.00030656
0.000303767
0.00029985
0.000297354
0.000309023
0.00031027
0.000306091
0.000304321
0.000314367
0.000315457
0.000314169
0.000339559
0.000338295
0.000340483
0.000341997
0.000343171
0.000317259
0.000316256
0.000316156
0.000296824
0.000297177
0.00029985
0.000318776
0.000330797
0.000327547
0.000330579
0.000328515
0.000327118
0.000315358
0.000332557
0.000315358
0.000326371
0.000315358
0.000309119
0.000312012
0.000320821
0.000320718
0.00034118
0.000329381
0.000326158
0.000330907
0.000338066
0.000343053
0.000331016
0.000359066
0.000351617
0.000353107
0.000353232
0.000374953
0.000375094
0.00039185
0.000378072
0.000394166
0.000378072
0.000393856
0.000398565
0.000397931
0.000397772
0.000433276
0.000444642
0.000400802
0.000389257
0.000389105
0.000390778
0.000391389
0.000408497
0.00037679
0.000376932
0.000354988
0.000353607
0.000381388
0.000377358
0.000374813
0.000370645
0.000374532
0.000388048
0.000387898
0.000390778
0.00039093
0.000377216
0.00034638
0.000336134
0.000329056
0.000317864
0.000317965
0.000316756
0.000305717
0.000311818
0.000294638
0.000304878
0.000300842
0.000301841
0.000302939
0.000301205
0.000325203
0.000327118
0.000325945
0.000305437
0.000309598
0.000291715
0.000288101
0.000288018
0.00029163
0.000282247
0.000277239
0.000285796
0.000286697
0.000285796
0.000283527
0.000285063
0.000284981
0.000291121
0.000308928
0.000310174
0.000288268
0.000284738
0.00030248
0.000292912
0.000302389
0.000313185
0.000308928
0.000307125
0.000323939
0.000330797
0.000352609
0.000353982
0.000354108
0.00034626
0.000377501
0.000362976
0.000338639
0.000332005
0.000330797
0.000318167
0.000319183
0.000330579
0.000344234
0.0003427
0.000320102
0.000337838
0.000329598
0.000336134
0.000316256
0.000343171
0.000341997
0.000347222
0.000348554
0.00035014
0.000335233
0.000365364
0.000365497
0.000363901
0.000334784
0.000336134
0.000336022
0.000346861
0.000319387
0.000322269
0.000321854
0.000348675
0.000329272
0.000327976
0.000315557
0.00034118
0.000339905
0.00034118
0.000315457
0.000306466
0.000318167
0.000318269
0.000344116
0.000345304
0.000343997
0.000352983
0.000350754
0.000350631
0.000322789
0.000349773
0.00034638
0.000345185
0.000358295
0.000344947
0.000318674
0.000319693
0.000347222
0.00036075
0.000347222
0.000328515
0.000330579
0.000331016
0.000343289
0.000334784
0.000339674
0.000350754
0.000349528
0.000350754
0.000337268
0.000336814
0.000310849
0.000300933
0.000300842
0.000300933
0.000302024
0.000308928
0.0003003
0.000290951
0.000292483
0.000292398
0.000315259
0.000324781
0.000300571
0.000324465
0.00032
0.000320102
0.000309406
0.000328407
0.000322165
0.000333444
0.000325415
0.000337952
0.000333
0.000332889
0.000345066
0.000345543
0.000344116
0.000357398
0.000365097
0.00036914
0.000353482
0.000354988
0.000327332
0.000327439
0.000326052
0.000335683
0.000323939
0.000323834
0.000312305
0.000309406
0.000312305
0.000295072
0.000318167
0.000336247
0.000341297
0.000315856
0.000317158
0.000315358
0.000315457
0.000315557
0.000322061
0.000339905
0.000328084
0.000318878
0.000302572
0.000296824
0.000300661
0.0003003
0.000279642
0.000299401
0.000306185
0.000306091
0.000312207
0.000325098
0.000323729
0.000322685
0.000319591
0.00032
0.000315557
0.000309789
0.000303767
0.000304971
0.000311042
0.000289771
0.000294811
0.000298686
0.00029967
0.000309693
0.000294811
0.000304414
0.000283286
0.000303582
0.000311915
0.000312891
0.000312793
0.000302847
0.000301114
0.000302847
0.000302939
0.000302024
0.000292569
0.000302024
0.000296296
0.000295946
0.000298418
0.000298329
0.000307977
0.000306937
0.000323206
0.00034118
0.000329381
0.000327976
0.000329164
0.000317864
0.000302206
0.000298329
0.000321854
0.00031736
0.000311526
0.000311624
0.000296472
0.000311526
0.0003125
0.000291036
0.000296121
0.000297265
0.000289268
0.000300391
0.000310174
0.000319387
0.000331455
0.000318066
0.000305623
0.00030303
0.000307125
0.000306185
0.000284819
0.000293686
0.000303306
0.000304229
0.000322581
0.000325733
0.000344709
0.000323834
0.000312305
0.000325309
0.000324149
0.000311236
0.000301114
0.000302755
0.000288018
0.000286944
0.000308071
0.000309119
0.000308071
0.000307125
0.000308356
0.000298507
0.000278629
0.000277239
0.000273898
0.000273973
0.000274273
0.000277624
0.000278474
0.000287026
0.000296209
0.000291121
0.000282486
0.000275255
0.00026738
0.000261233
0.000267738
0.000260349
0.000278087
0.000276625
0.000275634
0.000275558
0.0002886
0.000294031
0.000296472
0.000315756
0.000312989
0.000315756
0.000324781
0.000300842
0.000286697
0.000295683
0.00029577
0.000294811
0.000291036
0.000312793
0.000302755
0.000327118
0.00034626
0.000348554
0.000345185
0.000344709
0.000348068
0.000364299
0.00036062
0.000359066
0.000330688
0.000335458
0.000336927
0.000311139
0.000312305
0.000331675
0.000314663
0.000327761
0.000328839
0.000340832
0.00035461
0.00033456
0.000346741
0.000348068
0.000334784
0.000363504
0.000364033
0.000360101
0.000357654
0.000356252
0.000345423
0.000333
0.000337952
0.000339213
0.000325098
0.000324992
0.00031407
0.000312989
0.000330469
0.000329381
0.000332668
0.000324675
0.000340368
0.000347343
0.000343761
0.000342231
0.000319693
0.00030931
0.000325839
0.000311429
0.000305344
0.000307125
0.000309981
0.00030581
0.000315956
0.000298329
0.000299222
0.000300391
0.000298686
0.000300391
0.000302024
0.000321234
0.000336587
0.000318471
0.000306091
0.000304878
0.000315159
0.000306185
0.000291545
0.000291206
0.000279642
0.000289939
0.000291036
0.000301023
0.00029163
0.000301114
0.00030931
0.000307598
0.000333
0.00032144
0.000322581
0.00029976
0.000305623
0.000321647
0.000320307
0.000313873
0.000331455
0.000353357
0.000358938
0.000336361
0.000318269
0.000315259
0.000292398
0.00030175
0.000296472
0.00029656
0.000306279
0.000306654
0.000312305
0.000313578
0.000316556
0.000324149
0.000319693
0.000319591
0.000319489
0.000318269
0.000315259
0.000326371
0.000315259
0.000313381
0.000316356
0.00034188
0.000344116
0.000318269
0.000317158
0.000306937
0.000323729
0.000312989
0.000304599
0.00031837
0.000319591
0.000307125
0.000305904
0.000296209
0.000295334
0.000281294
0.000283527
0.000284981
0.000290276
0.000291121
0.000309693
0.000307977
0.000305157
0.000315557
0.000326371
0.000344828
0.000339674
0.000340948
0.000352113
0.000352237
0.000353857
0.000387898
0.000388048
0.000387447
0.000367242
0.000342349
0.000330142
0.000318167
0.000309023
0.000290529
0.000281928
0.00029129
0.000309885
0.000303859
0.000301296
0.000280348
0.000288934
0.000287853
0.000291545
0.000278242
0.000277469
0.000296912
0.000300752
0.000324992
0.000327976
0.000347222
0.000347102
0.000349284
0.000335909
0.000366032
0.000395883
0.000392927
0.000410341
0.000374111
0.000342349
0.000374111
0.000352609
0.000377501
0.000393082
0.00039032
0.000374953
0.000376364
0.000372439
0.000350385
0.00033761
0.000350263
0.00034904
0.000380662
0.000365764
0.000352113
0.000365764
0.000335683
0.000337724
0.000332889
0.000333333
0.000325309
0.000325415
0.000304971
0.000329707
0.000308737
0.00032
0.00031407
0.00032352
0.000334896
0.000333667
0.000333556
0.000335683
0.000310849
0.000311818
0.000311915
0.000337041
0.000311236
0.000324149
0.000322165
0.000322061
0.000329924
0.000344353
0.000332336
0.000324359
0.000326371
0.000316756
0.000315756
0.0002936
0.000308452
0.000312598
0.000308452
0.000312598
0.000295334
0.000303214
0.000301568
0.000321543
0.000348189
0.000347705
0.000348918
0.000325521
0.000337268
0.000337382
0.000338639
0.00036846
0.000367107
0.000337496
0.000340948
0.000328947
0.000317864
0.000313578
0.000315358
0.000315756
0.000326797
0.000315756
0.000315657
0.000316957
0.000315856
0.000303582
0.000303674
0.000283206
0.000292056
0.000291971
0.000308833
0.000307598
0.00031027
0.000311333
0.000324254
0.000332226
0.000331785
0.000330579
0.000319285
0.000295858
0.000280348
0.000283768
0.000280269
0.000278087
0.000271444
0.000271739
0.000260146
0.000264201
0.000264971
0.000260892
0.000262812
0.000262055
0.000269469
0.000270197
0.000268817
0.000276702
0.000275938
0.000289436
0.000298775
0.000298418
0.000284091
0.000285633
0.000284091
0.000284981
0.000276625
0.000296209
0.000292483
0.000301932
0.000292654
0.000294291
0.000285225
0.000286287
0.000295159
0.000292569
0.000290951
0.00029129
0.000299401
0.000290107
0.000299401
0.000290107
0.000302572
0.000291375
0.000293945
0.000291545
0.000291206
0.000306279
0.000316756
0.000343761
0.000350877
0.000341997
0.000326158
0.00032
0.000321958
0.000310559
0.000301841
0.000301932
0.000325098
0.000326158
0.000326052
0.000326158
0.000302847
0.000301114
0.000321027
0.000322997
0.00032113
0.000319795
0.000321647
0.000320616
0.000321027
0.000319183
0.000321027
0.000328839
0.000335345
0.000313676
0.000311915
0.000290276
0.000299491
0.00029036
0.000291206
0.000294898
0.000300571
0.000319591
0.000308928
0.000313185
0.000314465
0.000329164
0.000315856
0.000305623
0.000284091
0.000279408
0.000278629
0.000278319
0.000279096
0.000277624
0.000286123
0.000306843
0.000308547
0.000304507
0.000303306
0.000307314
0.000319081
0.000307314
0.000308547
0.000311236
0.000311139
0.000311236
0.000310078
0.000304044
0.000316356
0.000315259
0.000293427
0.000291036
0.000305623
0.000306748
0.000307787
0.000331895
0.000330797
0.000313775
0.000297974
0.000296824
0.000308452
0.000298597
0.000298507
0.000278862
0.000287356
0.000278862
0.000287439
0.000294898
0.000317259
0.00031736
0.000294985
0.000285959
0.000282486
0.000272628
0.000277469
0.000278242
0.000286779
0.000291715
0.000290192
0.000293858
0.000292997
0.000293341
0.000277239
0.000276396
0.00029146
0.000292312
0.000281849
0.000279486
0.00029656
0.000304971
0.000304599
0.00030722
0.000298686
0.000292227
0.000302297
0.00029656
0.000296472
0.000297619
0.000320102
0.000321958
0.000315956
0.000326797
0.000338524
0.00031348
0.000315358
0.000313578
0.000313676
0.00030349
0.000323729
0.000312989
0.000323939
0.000309693
0.000320205
0.000320102
0.000323206
0.000323625
0.00031211
0.000313185
0.000312207
0.000303859
0.000302663
0.000304321
0.000294898
0.000292483
0.000275862
0.000275938
0.000261097
0.000258131
0.000262123
0.000254907
0.000248201
0.00024558
0.000252207
0.000260552
0.000277624
0.000273149
0.000273075
0.000277932
0.00027894
0.000277469
0.000278242
0.000294464
0.000298329
0.000300842
0.000302572
0.000300933
0.00029824
0.000278629
0.000282008
0.000281215
0.000283607
0.000304785
0.000320821
0.000308261
0.000332447
0.000312989
0.000338181
0.000340252
0.000339789
0.000348554
0.000372856
0.000366972
0.00036523
0.000363636
0.00033389
0.000313185
0.000310463
0.000310559
0.000313283
0.000313185
0.000314169
0.000298775
0.00029985
0.00029824
0.000298597
0.000296912
0.000307314
0.000308547
0.000308642
0.00030175
0.000309981
0.000309598
0.000288517
0.000286041
0.000285144
0.000286041
0.000280899
0.000291375
0.00029129
0.00028401
0.000283206
0.00030349
0.000322893
0.000323939
0.000328515
0.000316656
0.000315358
0.00034188
0.000315358
0.000316656
0.000315358
0.000328515
0.000328623
0.000328515
0.000330579
0.000306654
0.000327332
0.000325309
0.000332226
0.000325309
0.000337154
0.000339328
0.000317158
0.000314367
0.000315657
0.000332889
0.00032144
0.000303214
0.000302206
0.000303214
0.000303582
0.000301841
0.000300661
0.000307503
0.000300661
0.000324886
0.000328084
0.000336247
0.000339443
0.000321543
0.000332889
0.000340136
0.000342349
0.000339098
0.000346021
0.000323834
0.000335233
0.00032352
0.00032041
0.000309981
0.000305904
0.000316056
0.000314961
0.000302755
0.00030553
0.000306748
0.000297177
0.000301023
0.000297089
0.00030553
0.000304321
0.000303214
0.000304414
0.00030349
0.000317158
0.000318167
0.000304414
0.000300481
0.000298775
0.000293169
0.000303859
0.000283366
0.000284333
0.000305717
0.000308356
0.000332889
0.000335008
0.000337041
0.000325415
0.000344353
0.000335796
0.000310174
0.000307503
0.000311624
0.000310655
0.00031027
0.000326904
0.000303214
0.000313283
0.000290698
0.00030003
0.000305904
0.000326477
0.000338409
0.000335008
0.000321337
0.000312012
0.000337952
0.000336474
0.000337724
0.000336474
0.000353357
0.000358938
0.000356506
0.000360101
0.000356506
0.000360101
0.000375516
0.000353107
0.000362582
0.000353107
0.000355492
0.000365097
0.000350508
0.000342818
0.000320205
0.000309693
0.000304136
0.000305064
0.000304136
0.000309693
0.000305623
0.000303859
0.000301296
0.00030525
0.000316256
0.000293427
0.000301659
0.00030175
0.000297796
0.0003003
0.00029036
0.000307031
0.000305344
0.000292654
0.000283688
0.00028401
0.00028393
0.000285388
0.00028547
0.000282008
0.000295596
0.00029656
0.000306185
0.000306091
0.000291545
0.000304136
0.000304229
0.000308356
0.000321027
0.000320616
0.000314663
0.000320616
0.000316156
0.000313381
0.000316356
0.000316756
0.000316656
0.000306279
0.000297796
0.00028393
0.000283607
0.000283527
0.000285796
0.000277393
0.000285959
0.000285063
0.000273973
0.000282805
0.000286287
0.000276778
0.000283688
0.000292483
0.00030722
0.000321234
0.000318167
0.000319285
0.000318066
0.000344116
0.000344234
0.0003465
0.000347705
0.000332889
0.000340136
0.000338983
0.000335796
0.000310945
0.000309885
0.00031027
0.000303306
0.000299401
0.000300481
0.000288184
0.000281057
0.000272926
0.000272628
0.000273373
0.000272628
0.00028885
0.000291206
0.000300481
0.000301386
0.000302389
0.000306373
0.000330579
0.00033389
0.000332779
0.000315557
0.000315657
0.000315557
0.000316857
0.000315657
0.000342114
0.000329272
0.000337496
0.000338639
0.000316556
0.000331455
0.000328192
0.000313578
0.00031348
0.000317864
0.000316556
0.000306279
0.000307503
0.000317763
0.000318167
0.000310849
0.000310463
0.000306373
0.000307503
0.000307598
0.000311721
0.000301841
0.000296121
0.000295159
0.000297796
0.000288517
0.000284981
0.000285063
0.000284981
0.0002849
0.000302663
0.0002849
0.000288434
0.000287356
0.000285063
0.000285388
0.00029274
0.000304136
0.000298775
0.000307314
0.000307409
0.000298864
0.00030003
0.00030012
0.000298507
0.000297619
0.00029656
0.000292826
0.000293686
0.000308547
0.000309693
0.000309598
0.000315856
0.000303582
0.000283046
0.00028393
0.000282406
0.000282486
0.000281452
0.000281136
0.000274348
0.00027571
0.000276014
0.00027571
0.000277855
0.000277085
0.000274952
0.000275255
0.000276702
0.000275786
0.000277932
0.000283768
0.000280269
0.000281215
0.00027972
0.000279642
0.000281136
0.000281928
0.000280426
0.000290782
0.000302024
0.000301932
0.000302024
0.00031211
0.000322789
0.000321647
0.000321234
0.000325839
0.000323939
0.000328515
0.000315358
0.000326158
0.000321543
0.000333111
0.000352237
0.000346981
0.000325839
0.000352983
0.00035524
0.000335796
0.000333778
0.000332447
0.00034626
0.000333778
0.000335233
0.000323729
0.000300752
0.00030175
0.000287522
0.000298418
0.000308166
0.000302206
0.000308166
0.00030931
0.00031506
0.000292483
0.000281928
0.000281057
0.000281928
0.000281849
0.000276091
0.000282965
0.000292398
0.00029274
0.00029656
0.000289017
0.000303859
0.000303951
0.000292654
0.00029274
0.000291715
0.000290867
0.000292483
0.000287109
0.000297974
0.000298864
0.000289017
0.000280348
0.000276932
0.000285959
0.000281215
0.000280899
0.000285633
0.000294638
0.000285633
0.000286615
0.000290192
0.000297796
0.000303582
0.00030349
0.000298151
0.00030349
0.000293341
0.00030349
0.000303859
0.000303767
0.000288934
0.000287853
0.000282646
0.000296824
0.000296472
0.000287439
0.00029656
0.000306373
0.00029656
0.000308261
0.0003125
0.000312598
0.00030248
0.000298597
0.000289519
0.000279799
0.000279877
0.000276472
0.000268025
0.000275938
0.000284414
0.000274424
0.000267953
0.000273373
0.000272554
0.00026476
0.000269324
0.000270124
0.000269324
0.000264061
0.000267165
0.000282087
0.000282008
0.000269179
0.000272331
0.000282167
0.000273898
0.00026469
0.000282486
0.00029824
0.000306748
0.00030581
0.000300391
0.000300752
0.00029967
0.000309502
0.000309598
0.000321543
0.000329381
0.000318269
0.000324359
0.000322373
0.000314861
0.000305904
0.00030581
0.000316056
0.000329272
0.000316056
0.000313283
0.000330142
0.000316756
0.000330142
0.000331236
0.000318573
0.000320513
0.000316156
0.000327976
0.000329381
0.000326158
0.000327439
0.000326371
0.000339674
0.000343171
0.000343053
0.000341647
0.00032113
0.000309215
0.000319591
0.000327332
0.000319591
0.000297
0.000288018
0.000289017
0.00030003
0.00030012
0.000296209
0.000290698
0.00029036
0.000291206
0.000280741
0.000268456
0.000267094
0.000268456
0.00026976
0.000268817
0.000268097
0.000268384
0.000267023
0.000273448
0.000275558
0.000288517
0.000289603
0.000282406
0.00029985
0.000294638
0.000295508
0.000295596
0.00029656
0.000309598
0.000306748
0.00030581
0.000304785
0.000302206
0.000292826
0.000276167
0.000289268
0.000290867
0.000280505
0.000281294
0.000282167
0.000280741
0.000279955
0.000282167
0.000290951
0.000313578
0.000312305
0.000310463
0.000307787
0.000307409
0.000311526
0.000311915
0.000296824
0.000297974
0.000294204
0.000293255
0.000302572
0.00030349
0.000289101
0.000290613
0.000289771
0.000288684
0.00030349
0.000312305
0.000315259
0.000299312
0.000307409
0.000307314
0.00029753
0.000280978
0.000301841
0.000302847
0.000305437
0.000311526
0.000318878
0.000317763
0.000307503
0.000308737
0.000307503
0.000299401
0.000287191
0.000297442
0.000298418
0.000277855
0.000284819
0.000302572
0.000296824
0.000302572
0.000284819
0.000293858
0.000287604
0.00029985
0.000290444
0.000301568
0.00030248
0.000301568
0.000295858
0.000294291
0.000295159
0.000300842
0.000300481
0.00029274
0.000307409
0.000315956
0.000316056
0.000304507
0.000283286
0.000280899
0.000280112
0.000295596
0.000297177
0.000298864
0.000302755
0.000294464
0.000287026
0.000277932
0.000275786
0.000291715
0.000290107
0.000290444
0.000286862
0.000289352
0.000279096
0.000266951
0.000274876
0.000283206
0.000282885
0.000281452
0.000282885
0.000283688
0.000304971
0.000295247
0.000289771
0.000288934
0.00029824
0.00029994
0.000319693
0.000320102
0.000309406
0.000315657
0.000313775
0.00029129
0.000291206
0.0002936
0.000293686
0.000292141
0.000292997
0.000290613
0.000294291
0.000277469
0.000284414
0.000284333
0.000285878
0.000288184
0.000286615
0.000279564
0.000296648
0.000320205
0.000315856
0.000315457
0.000322997
0.000322893
0.000327439
0.000306748
0.000312402
0.000309693
0.000308737
0.000305904
0.000326477
0.000328515
0.000328623
0.000328515
0.000313873
0.000313972
0.000316957
0.00033036
0.000330797
0.000330688
0.000324359
0.00031348
0.000294464
0.000302297
0.00029656
0.000301841
0.000305904
0.000299133
0.000298151
0.000299043
0.000299133
0.000298775
0.000304599
0.00031837
0.000335909
0.000333778
0.000352983
0.000345781
0.000352983
0.000331126
0.000317662
0.000303951
0.000316256
0.000342936
0.000345066
0.000339905
0.000338753
0.000340948
0.000336022
0.000310366
0.000311429
0.00030581
0.00029994
0.0003003
0.000292569
0.000292654
0.000292569
0.000309502
0.000316756
0.000315657
0.000314465
0.000326158
0.000324149
0.000334225
0.000335458
0.000327332
0.000332005
0.000344234
0.000344116
0.000345543
0.000332447
0.000315259
0.00031407
0.00031506
0.000321027
0.000320616
0.000304692
0.000307314
0.000304692
0.000307314
0.000318471
0.000319693
0.000307125
0.00032113
0.000322477
0.000311042
0.000312891
0.000311139
0.000293083
0.000299581
0.000297089
0.000296121
0.000294985
0.000283126
0.000292056
0.0002936
0.000293686
0.000296121
0.000296209
0.000292483
0.000287522
0.000286041
0.000294985
0.000285959
0.000278552
0.000281928
0.000295596
0.000275406
0.000278784
0.000279642
0.00026738
0.000272035
0.000271223
0.000263644
0.000261712
0.000279877
0.000261712
0.000270197
0.000257202
0.000270197
0.000278164
0.000298507
0.000296824
0.000295946
0.000315159
0.000325945
0.00033557
0.000327439
0.000330469
0.000331675
0.000324781
0.000325839
0.000321234
0.000320102
0.0003003
0.000284333
0.000304971
0.000317259
0.000307031
0.000306937
0.000331236
0.000330142
0.000330579
0.0003427
0.000316156
0.000327011
0.000327118
0.000314762
0.000316656
0.000306466
0.000313578
0.000314564
0.000314465
0.000312598
0.000323206
0.0003125
0.000314268
0.000323729
0.000313087
0.000302847
0.00030248
0.00030656
0.000302572
0.000318878
0.000329924
0.000326691
0.000331345
0.000321958
0.000317561
0.000318878
0.000296296
0.000295421
0.000301114
0.000302847
0.000301659
0.000292398
0.000307031
0.000305344
0.00030656
0.000305344
0.000329056
0.000312305
0.000312402
0.000310559
0.00032113
0.000332336
0.000314663
0.000315657
0.000293772
0.000296384
0.00030021
0.000300571
0.000298063
0.000290023
0.000289687
0.000310945
0.000312207
0.00031211
0.000313972
0.00031211
0.000310849
0.000313578
0.000312598
0.000321958
0.00030931
0.00031506
0.00030931
0.000306654
0.000307882
0.00029824
0.000299133
0.000299491
0.000314861
0.000317662
0.000313283
0.000303122
0.000304136
0.00030021
0.0003003
0.000280269
0.000283768
0.000281532
0.000281215
0.000277778
0.000286369
0.000286287
0.000286615
0.000300752
0.00029976
0.000298864
0.000309406
0.000308261
0.000309406
0.000330469
0.00030656
0.000305344
0.00029577
0.000297442
0.000280269
0.000281057
0.000279564
0.000279642
0.000295072
0.000294985
0.000281452
0.000282326
0.000296472
0.00029656
0.000296472
0.000300391
0.000294724
0.000288434
0.00027972
0.000279408
0.000278629
0.000278707
0.000295683
0.00029656
0.000286862
0.000304878
0.000314961
0.000299491
0.00030931
0.000290782
0.000292398
0.000305064
0.000292398
0.000298864
0.000294985
0.000286041
0.00030003
0.000305904
0.000307125
0.000291971
0.000291036
0.000289939
0.000294985
0.000294898
0.000305157
0.000295683
0.000278707
0.000292056
0.000304692
0.000290192
0.000299491
0.000301114
0.000292912
0.00029129
0.000295072
0.00029129
0.000285144
0.00029129
0.000278087
0.000273224
0.00027533
0.000285388
0.00028547
0.000277008
0.000287109
0.000287026
0.000276932
0.000277239
0.000271665
0.000278707
0.000277932
0.000276549
0.000274424
0.000267594
0.000285633
0.000286697
0.000286615
0.000288934
0.00030722
0.000324044
0.000303767
0.000303398
0.000303767
0.000309789
0.000310752
0.000309789
0.00031407
0.000315159
0.000312207
0.000322789
0.000322373
0.000323415
0.00032352
0.000320616
0.000306654
0.000305717
0.000304507
0.000324886
0.000323729
0.000326691
0.000338409
0.000338524
0.000341997
0.000342466
0.000353732
0.000355999
0.000335796
0.000330907
0.000329598
0.000329489
0.000316156
0.000305998
0.000306937
0.000301023
0.000299401
0.000300571
0.000280662
0.000280741
0.000286697
0.000279252
0.000277085
0.000290276
0.000289184
0.000298507
0.000284576
0.000292312
0.000277162
0.000278164
0.000263089
0.000262398
0.000263713
0.000269978
0.000282486
0.000275634
0.000275558
0.000294898
0.000298775
0.000294898
0.000317864
0.000322269
0.000319183
0.000319285
0.000322165
0.000320821
0.000309502
0.000310463
0.000312207
0.000310366
0.000307692
0.000303674
0.000294031
0.000295159
0.000299043
0.00030175
0.000301659
0.000302755
0.000306748
0.000309406
0.000299581
0.000279096
0.000276932
0.00027137
0.000279564
0.000276243
0.000273973
0.000276243
0.000272926
0.000271961
0.000271665
0.000273748
0.000274725
0.000273973
0.000274801
0.000274876
0.000272777
0.000256148
0.000256805
0.000254842
0.000256674
0.000256016
0.000256279
0.000263366
0.00026469
0.000263435
0.000265534
0.000268673
0.00026448
0.000257136
0.000261438
0.000266596
0.000267881
0.000268601
0.000261233
0.000264201
0.000263296
0.000252398
0.000251256
0.000259605
0.000254712
0.000265816
0.000257069
0.000254259
0.00026137
0.000268745
0.000267953
0.000268889
0.000265745
0.000272109
0.000284738
0.000272035
0.00026448
0.000265252
0.000263296
0.00026455
0.000263783
0.000257798
0.000257136
0.000257798
0.000272257
0.000271961
0.000264271
0.000278862
0.000278087
0.000281532
0.000266667
0.00026976
0.000275255
0.00027049
0.000259067
0.000256213
0.000256937
0.000265604
0.000264271
0.000250627
0.000254388
0.00025355
0.000249813
0.000256674
0.000255493
0.000256674
0.000257533
0.000274198
0.000273299
0.000288934
0.000286451
0.000293858
0.000306654
0.000322893
0.000310174
0.000310559
0.000306373
0.000305157
0.000329056
0.000328623
0.000320821
0.000332005
0.000336814
0.00034188
0.000329815
0.000331236
0.000314169
0.000305717
0.000311818
0.000290444
0.000292826
0.000300571
0.000301659
0.00030003
0.000294377
0.000290613
0.000300571
0.000305998
0.000305904
0.000297442
0.000288434
0.000297708
0.000309502
0.000305437
0.000284738
0.000284819
0.000277855
0.000277778
0.000277855
0.000278629
0.000276472
0.000282247
0.000273898
0.000259808
0.000261028
0.000268384
0.000277316
0.000271739
0.000274952
0.000273598
0.000273523
0.000280662
0.000279642
0.000278784
0.000270856
0.000273075
0.000285796
0.000273075
0.000272331
0.000275634
0.000271223
0.000275634
0.000281373
0.000282247
0.000273448
0.00027027
0.000263644
0.000263922
0.000263644
0.000266667
0.000261506
0.000262743
0.000262812
0.000262743
0.000270197
0.000277162
0.000273898
0.000274876
0.000273898
0.000277162
0.000272702
0.000273448
0.000263227
0.000264131
0.00026441
0.000263644
0.000271297
0.000271223
0.000279252
0.00028393
0.000275558
0.000274801
0.000273823
0.00027248
0.000273224
0.00028885
0.000288018
0.000279486
0.000280505
0.000270783
0.000270856
0.000270929
0.000257136
0.000256871
0.000271223
0.000273299
0.000273224
0.000286451
0.000292654
0.000289017
0.000272777
0.000279486
0.000288184
0.000288101
0.000274725
0.000278009
0.000278862
0.000277855
0.000274499
0.000272405
0.000274499
0.000274574
0.000265816
0.000265887
0.000274198
0.000277546
0.000276625
0.000276932
0.00027137
0.000269324
0.000261917
0.000256016
0.000256674
0.000262605
0.000262536
0.000263852
0.000263158
0.000264061
0.000269324
0.000270197
0.000265957
0.00026462
0.000263852
0.000276167
0.000277008
0.000276014
0.000277008
0.000278396
0.000291715
0.000290698
0.000290782
0.000283527
0.000292312
0.000301568
0.000294985
0.000286041
0.000287604
0.000278474
0.000277624
0.000265182
0.000269397
0.000270124
0.000262467
0.000263227
0.000256148
0.00026476
0.00026469
0.000266667
0.000272035
0.000268889
0.000268962
0.00028177
0.000280899
0.000268168
0.000259336
0.000259067
0.000258198
0.000265463
0.000263505
0.000268025
0.000268889
0.000266738
0.000267023
0.000263922
0.000263227
0.000275028
0.000277316
0.000286369
0.000284819
0.000284495
0.000277162
0.000265182
0.000266099
0.000254972
0.000255624
0.000263713
0.000262881
0.000265957
0.000265887
0.000272257
0.000275482
0.000277624
0.000276625
0.000277546
0.000271961
0.000272257
0.000272331
0.000268025
0.000266738
0.000276167
0.000289268
0.000286779
0.000287687
0.000286862
0.000307882
0.00030525
0.000321854
0.000324781
0.000321854
0.00031746
0.000307125
0.000308833
0.000302847
0.000301841
0.000311818
0.000314762
0.000314663
0.000304507
0.000304136
0.000305157
0.00030349
0.000306091
0.000306466
0.000302389
0.00030248
0.000308452
0.000312598
0.000321958
0.000323939
0.000307125
0.000303122
0.00030303
0.000292912
0.000292997
0.000279564
0.000269906
0.000270856
0.000274123
0.000271887
0.00027049
0.000271887
0.00027049
0.000276014
0.000289017
0.000288934
0.000298151
0.000294291
0.000293169
0.000297
0.00029967
0.000309406
0.000309502
0.00029976
0.000301386
0.000297442
0.000297089
0.000286862
0.000268528
0.000267237
0.000267953
0.000265957
0.000266241
0.000275558
0.000266241
0.000265957
0.00026688
0.000267165
0.000269179
0.000284981
0.000284657
0.000284576
0.000295334
0.000295247
0.000299043
0.00030303
0.000304785
0.000314861
0.000295683
0.000293083
0.000285714
0.000287191
0.000282008
0.000282326
0.000280112
0.000280191
0.000280269
0.000280191
0.000273075
0.00027533
0.000273898
0.000273973
0.00029036
0.000301477
0.000300481
0.00030012
0.00030003
0.000301023
0.000283447
0.000282566
0.000281136
0.000282566
0.000284819
0.000301841
0.000287687
0.0002886
0.000288684
0.000273075
0.000269833
0.000273075
0.000273
0.000269833
0.000274198
0.000273448
0.00027248
0.000273448
0.000276702
0.00028169
0.000293427
0.000290867
0.000288517
0.000277162
0.000277469
0.000274198
0.000266383
0.000266099
0.000266809
0.000268817
0.000276778
0.000293513
0.000291121
0.000305717
0.0003003
0.000298686
0.000299043
0.000318674
0.000320513
0.000313087
0.000306937
0.000308737
0.000307503
0.000316556
0.000300933
0.000289771
0.000289855
0.000286205
0.000288684
0.000287687
0.000295159
0.000300391
0.000311042
0.000325415
0.000326691
0.000325415
0.000316356
0.000316256
0.000296912
0.00028777
0.000276472
0.000285959
0.000286041
0.000285144
0.000269324
0.000274048
0.000273748
0.000266099
0.000266383
0.000266312
0.000262192
0.00026738
0.000262881
0.000269107
0.000279799
0.000273075
0.000273149
0.000273075
0.000273898
0.000273823
0.000273
0.000285714
0.000290613
0.000288101
0.000289101
0.000287604
0.000289939
0.000308356
0.000297354
0.000297442
0.000298597
0.000296121
0.000282486
0.000271592
0.000270856
0.000272183
0.000280348
0.000281136
0.000281215
0.000275482
0.000274725
0.00026688
0.000258131
0.000257865
0.000263852
0.000273075
0.000273823
0.000265534
0.000267666
0.000266809
0.000272183
0.000265816
0.000273598
0.00027137
0.000290192
0.000291206
0.000274725
0.000273373
0.000267953
0.00027571
0.000274725
0.000276855
0.000276091
0.000276396
0.000277393
0.000275255
0.000276014
0.000275255
0.000278552
0.000283607
0.000285063
0.000284091
0.000282566
0.000283527
0.000278474
0.000275179
0.000277469
0.000276549
0.000286041
0.000281294
0.000280978
0.000281294
0.000263574
0.000278707
0.000263574
0.000272702
0.000274801
0.000278164
0.000274801
0.000289687
0.000280978
0.000279955
0.000280899
0.00028177
0.000285225
0.000275255
0.000274348
0.000266667
0.000268025
0.000267953
0.000267666
0.000267953
0.000264901
0.000269469
0.000270416
0.000270124
0.000268817
0.000274273
0.000285388
0.000275938
0.000273823
0.000283126
0.000268889
0.000270197
0.000271076
0.000269687
0.000268889
0.000267953
0.000268025
0.000262812
0.000263574
0.000266667
0.00026738
0.000265252
0.000260824
0.000260146
0.000261028
0.000261301
0.000264271
0.000264971
0.000261986
0.000261233
0.000261986
0.000264061
0.000263158
0.000269397
0.000268673
0.000267881
0.000268673
0.000258799
0.000250501
0.000254582
0.000259471
0.00026738
0.000262192
0.000264131
0.000258131
0.00026688
0.000258131
0.000257334
0.000258131
0.00025208
0.000260485
0.000258598
0.000260485
0.000261165
0.000266312
0.000267666
0.000265534
0.000261097
0.000261028
0.000272628
0.000285388
0.000296121
0.000289771
0.000290867
0.000289855
0.000289519
0.000298775
0.000301477
0.000290951
0.0002886
0.000292227
0.00028177
0.000280741
0.000277393
0.000297708
0.000298864
0.000294985
0.000295072
0.000294204
0.000293083
0.000273373
0.000281532
0.000273373
0.000274273
0.000264971
0.000268097
0.00026062
0.000269034
0.00026062
0.000265745
0.00026448
0.000265393
0.000262329
0.000264271
0.000262329
0.000269906
0.000258532
0.000261506
0.000258532
0.000261506
0.00026448
0.000253485
0.000248818
0.000249439
0.000249688
0.000249439
0.000248818
0.000246184
0.000251636
0.000259943
0.00026062
0.000261849
0.000253421
0.000246731
0.000253421
0.000257599
0.000250689
0.000256674
0.000253807
0.000252972
0.000259943
0.000259202
0.000253421
0.000256279
0.000262192
0.000262123
0.000262398
0.000262467
0.000256542
0.000253678
0.000253421
0.000258264
0.000260146
0.000263158
0.000270636
0.000278784
0.000273898
0.00026617
0.000269251
0.000267094
0.000265816
0.000270051
0.000269978
0.000262536
0.000259538
0.000259605
0.000252525
0.000250752
0.000254842
0.000256674
0.000253872
0.000256674
0.000269614
0.000267594
0.000261097
0.000272777
0.00026738
0.000285633
0.000286533
0.000283046
0.000284495
0.000282965
0.000297177
0.000298329
0.000297442
0.000291886
0.000272851
0.000275103
0.000272851
0.000274952
0.000283206
0.00028401
0.000283126
0.000282326
0.000287522
0.000286451
0.000292654
0.000286451
0.000288934
0.000289771
0.000276625
0.000282406
0.000273598
0.000276932
0.000273598
0.000261506
0.000279486
0.000289771
0.000288268
0.000282247
0.000292826
0.000299312
0.000307882
0.000309119
0.000310945
0.000299043
0.000283206
0.000277393
0.00028082
0.000281136
0.000292826
0.000281136
0.000273
0.000281215
0.00027972
0.000261712
0.000260892
0.000261643
0.000257334
0.000257069
0.000254194
0.000254453
0.000255689
0.000255428
0.000253614
0.000261165
0.000252781
0.000255558
0.000254712
0.000253485
0.000252845
0.000258598
0.000259471
0.000253678
0.000258532
0.000260417
0.000253357
0.000250627
0.000251383
0.00026455
0.000256805
0.000256739
0.0002574
0.000260349
0.000259673
0.00025974
0.000259
0.00025974
0.000262674
0.000262605
0.000263296
0.000262605
0.000263922
0.000261849
0.000262123
0.000259202
0.000262123
0.000263366
0.000250313
0.000250376
0.000245821
0.000245038
0.000251636
0.000248942
0.000248694
0.000249501
0.000248694
0.000255363
0.000263435
0.00026434
0.000257202
0.000257136
0.000249439
0.000250063
0.000250125
0.000248385
0.000248324
0.000248571
0.000256213
0.000255558
0.000255493
0.000257467
0.000253614
0.00025641
0.000257069
0.000257136
0.000256345
0.000255689
0.000263366
0.000262605
0.000262674
0.00025974
0.000262674
0.00026062
0.000267953
0.000277469
0.000277393
0.000278164
0.000277855
0.000278784
0.000278707
0.000269107
0.000269179
0.000269978
0.000261917
0.000259
0.000263019
0.000263296
0.000265393
0.00026738
0.000267094
0.000266312
0.00026434
0.000263435
0.000262605
0.000263366
0.000278474
0.000278396
0.00027933
0.000277008
0.00028393
0.000283126
0.000276243
0.000278396
0.000278474
0.0002918
0.000292654
0.00029163
0.000275103
0.000274348
0.00027465
0.000272554
0.000273448
0.000265675
0.000267666
0.000274123
0.000272777
0.000266383
0.000274725
0.000265957
0.00027533
0.000273898
0.000278784
0.000278707
0.000282087
0.000289268
0.000286944
0.000288018
0.000284495
0.000285959
0.000286779
0.000273898
0.000276014
0.00027465
0.000276091
0.000276167
0.000276243
0.000277624
0.000276855
0.000279174
0.000279955
0.00027894
0.000277546
0.000276091
0.000284576
0.000286041
0.000280899
0.000282406
0.000281611
0.000274424
0.000273523
0.000271444
0.000263713
0.000262398
0.000263227
0.00026455
0.00026448
0.00026455
0.000263713
0.00026462
0.000263713
0.000265675
0.000265604
0.000272331
0.000270929
0.000268889
0.000261506
0.000262398
0.000256476
0.000259336
0.00026062
0.000252207
0.000259067
0.000259
0.000263366
0.000263435
0.000262536
0.000262605
0.000256345
0.000252207
0.000256345
0.000265041
0.00026476
0.000257599
0.000257533
0.000257798
0.000264131
0.000264201
0.000263435
0.000255754
0.00025641
0.000255754
0.000256476
0.000255297
0.000256148
0.000269833
0.000265252
0.000261165
0.000261849
0.000269324
0.000268384
0.00026096
0.000265393
0.000265111
0.000267094
0.000268384
0.000267023
0.000267308
0.000264271
0.000265604
0.000271961
0.000271665
0.000268456
0.000271592
0.000266951
0.000272331
0.000282087
0.000283126
0.000268097
0.000267308
0.000266383
0.000274198
0.000274499
0.000265252
0.000263296
0.000266383
0.000266099
0.000275406
0.000276396
0.000267023
0.000265675
0.000265957
0.000266809
0.000257998
0.000257136
0.000256871
0.000257732
0.000256871
0.000257599
0.000258465
0.000258398
0.000258665
0.000263019
0.000258665
0.000265957
0.000265041
0.000273299
0.000267881
0.000280112
0.00028885
0.000290444
0.000281136
0.000281057
0.000279642
0.000272926
0.000282167
0.000284414
0.000284091
0.000275786
0.00028401
0.000283206
0.000282326
0.000283366
0.000279955
0.00027894
0.000279955
0.000280034
0.000270929
0.000271665
0.000264131
0.000264201
0.000276167
0.000269251
0.000267237
0.000268528
0.000265393
0.000272109
0.000269906
0.000273075
0.000273898
0.00027248
0.000272777
0.000269614
0.000268889
0.000269614
0.000269324
0.000268601
0.000271813
0.000260281
0.000261575
0.000260824
0.000261506
0.000263435
0.000268673
0.000268962
0.00026137
0.000262123
0.000251319
0.000253229
0.000252016
0.000245399
0.000243724
0.000245399
0.000250815
0.00025355
0.000248016
0.000247402
0.0002457
0.000247402
0.000254001
0.000251256
0.000259067
0.000258264
0.000261165
0.000260281
0.00026096
0.000268962
0.000267666
0.000269034
0.000265957
0.000265887
0.000267165
0.000264061
0.000270343
0.000268312
0.00026096
0.000261849
0.000261917
0.000261165
0.000255297
0.000250564
0.000251319
0.000252016
0.000258866
0.000257599
0.000251572
0.000251319
0.000255428
0.000257268
0.0002531
0.000269906
0.000267881
0.000271003
0.000267881
0.000275862
0.000274876
0.000279408
0.000271444
0.000270563
0.000269833
0.000270783
0.000271076
0.00027027
0.000271076
0.000271961
0.000271665
0.000270709
0.000271665
0.000270783
0.000272183
0.000275406
0.000271003
0.000254065
0.000258933
0.000254065
0.000254712
0.000251953
0.000252207
0.000254001
0.000252207
0.000251953
0.000256082
0.00026001
0.000259943
0.000255689
0.000255951
0.000255297
0.000259538
0.000258665
0.000261575
0.000260349
0.000263366
0.000263089
0.000260146
0.00026096
0.000275786
0.000274876
0.000275634
0.00027571
0.000275634
0.00027894
0.000279955
0.000276625
0.000292654
0.000287687
0.000282486
0.000282805
0.000284252
0.000284172
0.000284252
0.000283366
0.000285633
0.000285714
0.000285633
0.000282087
0.000285633
0.000286533
0.000284252
0.000280741
0.000280426
0.000280505
0.000294031
0.000293169
0.000302663
0.000302572
0.000302663
0.00029994
0.00029824
0.000297089
0.000297442
0.000302755
0.000284981
0.0002849
0.000290192
0.000281373
0.000287356
0.000287026
0.000290613
0.000290951
0.000291036
0.000286123
0.000287191
0.000286862
0.000280899
0.000282406
0.000282326
0.000282646
0.000287439
0.000286369
0.000281215
0.000279799
0.000279877
0.000290276
0.000288684
0.000285144
0.000276702
0.000283607
0.000283286
0.000284819
0.000285633
0.000286615
0.000273748
0.000273
0.000272926
0.000266525
0.000267451
0.000267738
0.000254259
0.000255428
0.000254712
0.000257533
0.000257268
0.000257334
0.000254518
0.000255167
0.000259403
0.000258732
0.000259471
0.000258198
0.000254001
0.000253165
0.000254388
0.000253229
0.000255037
0.000255885
0.000256542
0.000255689
0.000256871
0.000256148
0.000256871
0.000262812
0.000262743
0.000263019
0.000263089
0.000262261
0.000260349
0.000254518
0.000261575
0.000266028
0.000261575
0.000262398
0.000261712
0.000254647
0.000255493
0.000258331
0.000257467
0.00024975
0.000251636
0.000247954
0.000254712
0.000254453
0.000259336
0.000258131
0.000265393
0.000265322
0.000266241
0.00026824
0.000267451
0.000267523
0.000265534
0.000266312
0.000267594
0.000262398
0.000255232
0.000248509
0.000255363
0.000248509
0.000254065
0.000258933
0.000250627
0.000252398
0.000250627
0.000250878
0.000248201
0.000252207
0.000246731
0.000246488
0.000250125
0.000256871
0.000255689
0.000257533
0.000257798
0.00025582
0.000258665
0.000268528
0.000269251
0.000259336
0.000258065
0.000259269
0.000258065
0.000261028
0.000259134
0.00025227
0.000259202
0.00025227
0.000259202
0.000256345
0.000258198
0.00026455
0.000272331
0.000268025
0.000267094
0.000261917
0.000262812
0.000258465
0.000251572
0.000259875
0.000259134
0.000263158
0.000265252
0.000269833
0.00026976
0.000268889
0.000268601
0.000267881
0.000266951
0.000267023
0.000267308
0.000267023
0.000266951
0.000267237
0.000267953
0.000268745
0.000265604
0.000261165
0.000268673
0.000267953
0.000259134
0.00026001
0.00026441
0.000267451
0.00026001
0.000260078
0.000259808
0.000261097
0.000253936
0.000254582
0.000253357
0.000250627
0.000253357
0.000258198
0.000255363
0.000256608
0.00026476
0.000262674
0.000261986
0.000257666
0.000258465
0.000257732
0.00025974
0.00025582
0.000248201
0.000248447
0.000249563
0.000245038
0.000243368
0.000244021
0.000244618
0.000243487
0.000253614
0.00025641
0.000246063
0.000250627
0.000246063
0.000245278
0.000246427
0.000245339
0.000248942
0.000242072
0.000243724
0.000243487
0.00024426
0.000241721
0.000240096
0.000246366
0.000245761
0.000246366
0.000249004
0.000249252
0.000248447
0.000245821
0.000246609
0.000250564
0.000250313
0.000249688
0.000252398
0.000254194
0.000254453
0.000250376
0.000243902
0.000241371
0.000251319
0.000254065
0.000251319
0.00025413
0.000254065
0.000255232
0.000254518
0.000255167
0.000254518
0.000255232
0.000255167
0.000255232
0.000254001
0.000252207
0.000252845
0.000254065
0.000253357
0.000258198
0.000258933
0.000254065
0.000251256
0.000260552
0.00026062
0.000260552
0.000264971
0.000264201
0.000263505
0.000262261
0.000265252
0.000266525
0.000255363
0.000255102
0.000255754
0.00025582
0.000257666
0.000254842
0.000245942
0.000246184
0.000245399
0.000244798
0.000247402
0.000248201
0.000247036
0.000248201
0.000248139
0.000248201
0.00024432
0.000246975
0.000246914
0.000247586
0.000245881
0.000249813
0.000247158
0.000243309
0.000243072
0.000243665
0.000249004
0.000248201
0.000252207
0.000252461
0.000252525
0.00024975
0.000251509
0.000251446
0.000259808
0.000259875
0.000258665
0.000258598
0.000259471
0.000258799
0.00026001
0.000259943
0.000258065
0.000258131
0.000257268
0.000256542
0.000250878
0.000252653
0.000253293
0.000249252
0.000249938
0.000249252
0.000254842
0.000255689
0.000254842
0.000255689
0.00025641
0.000255232
0.000254518
0.000261506
0.000260824
0.000265252
0.000265322
0.000265252
0.000266525
0.000262055
0.000261165
0.000255297
0.000255951
0.00025413
0.000261233
0.000263158
0.000261233
0.000261165
0.000263089
0.000274952
0.00027465
0.000274725
0.000278009
0.000275862
0.000276855
0.000264831
0.000264131
0.000263296
0.000263366
0.000263296
0.000263992
0.000269251
0.000263992
0.000269251
0.000263992
0.000264061
0.000266028
0.000261917
0.000266383
0.000265463
0.000266312
0.000270563
0.000269251
0.000267237
0.000264201
0.000264131
0.000257003
0.000257268
0.000257003
0.000257732
0.000249501
0.000250313
0.000249688
0.000249938
0.000251699
0.000254453
0.000251699
0.000252334
0.000252398
0.000252334
0.000250564
0.000249875
0.000252589
0.000252334
0.000253485
0.000250752
0.00025355
0.000255363
0.000255428
0.000253485
0.00025227
0.000255037
0.000256279
0.000255102
0.000254453
0.000250376
0.00025227
0.000252207
0.000252845
0.000257666
0.000257003
0.000254194
0.000254259
0.000252334
0.000259269
0.000261301
0.000258331
0.000251383
0.000251636
0.000250815
0.00025355
0.000246914
0.000247709
0.000247463
0.000248571
0.000245942
0.000248633
0.000248571
0.000248818
0.000248571
0.000251256
0.000248571
0.000248633
0.000248571
0.000246853
0.000247463
0.000246853
0.000253421
0.000252589
0.000252845
0.000255624
0.000248942
0.000255689
0.000256542
0.000253743
0.000252908
0.00025355
0.000253293
0.000253357
0.000252717
0.00025355
0.00024888
0.000246184
0.000250125
0.000250376
0.000251004
0.000250941
0.000253678
0.000261643
0.000260417
0.000260485
0.000262398
0.000261712
0.000261643
0.00026137
0.00026441
0.000256279
0.000256937
0.000258131
0.000256937
0.000257202
0.000256937
0.000256279
0.000257467
0.000254582
0.000255232
0.000254582
0.000254647
0.000251889
0.000250125
0.000250376
0.000249252
0.000251004
0.000253807
0.000252589
0.000253229
0.000252589
0.000252334
0.000252589
0.000253807
0.000263296
0.000263227
0.000261301
0.000254259
0.000255428
0.000254259
0.000254323
0.000251509
0.000252207
0.000254001
0.000253936
0.000254582
0.000259471
0.00025025
0.000249439
0.000249501
0.000248324
0.000248077
0.000250752
0.000248077
0.00024888
0.000251572
0.00024888
0.000247158
0.000248324
0.000248571
0.000246731
0.000252207
0.000246731
0.000255689
0.000256871
0.000256608
0.000251826
0.000256608
0.000247586
0.000246792
0.000249501
0.000255102
0.000251004
0.000250376
0.0002531
0.000253936
0.000248385
0.000245761
0.000246366
0.000245761
0.000247586
0.000246792
0.000244978
0.00024667
0.000254712
0.000252908
0.000251699
0.000252525
0.000247893
0.000248139
0.000249314
0.000248139
0.000248756
0.000248509
0.000250376
0.000249626
0.000251383
0.000262123
0.00026137
0.000262123
0.00026137
0.000260688
0.000261438
0.000258465
0.00025974
0.000258465
0.000259269
0.000258065
0.000261028
0.000259134
0.000256213
0.000259134
0.000250815
0.000251446
0.000252653
0.000254453
0.00024432
0.000241721
0.000240096
0.000242601
0.000249128
0.000248324
0.000248571
0.000249688
0.000249626
0.000249004
0.000249626
0.000251383
0.000250188
0.000251004
0.000248324
0.000248385
0.000248324
0.000246609
0.00024667
0.000246427
0.000240038
0.000244379
0.000245519
0.000244798
0.000246488
0.000246731
0.000246124
0.000244439
0.000245038
0.000244439
0.000245038
0.000245761
0.000245098
0.00024432
0.000245098
0.00024432
0.000246975
0.000246731
0.000247525
0.00024777
0.0002442
0.000245881
0.000248509
0.00024919
0.000247463
0.00024667
0.000242248
0.000243013
0.000242424
0.000250125
0.000249004
0.000249626
0.000250752
0.000245038
0.000248633
0.000246792
0.000248509
0.000246792
0.000248509
0.000254065
0.000251319
0.000245881
0.000252398
0.000250627
0.000250376
0.00025227
0.000249501
0.00024888
0.000242542
0.000243132
0.000243368
0.00025208
0.000252016
0.000251383
0.000254194
0.000253036
0.000253678
0.000253743
0.000253678
0.000253036
0.000254842
0.000257666
0.000257732
0.000256871
0.000255037
0.00025227
0.0002531
0.00024432
0.000244081
0.000245761
0.000244081
0.00024432
0.000245399
0.000242777
0.000249688
0.000242777
0.000243368
0.000245038
0.000244798
0.0002442
0.000244439
0.0002442
0.000246792
0.0002442
0.000244439
0.000243665
0.000244439
0.000242777
0.000242542
0.000242777
0.000244439
0.000245038
0.00024426
0.000245038
0.000244439
0.000243665
0.000246245
0.000246853
0.000251446
0.000251193
0.000258598
0.000255754
0.000254582
0.000246609
0.000244918
0.0002457
0.000246792
0.0002457
0.000244918
0.000245158
0.000244559
0.000247158
0.00024777
0.000247158
0.00024777
0.000243309
0.000244081
0.000241546
0.000240964
0.000242014
0.000241779
0.000242014
0.000242601
0.000242014
0.000241255
0.000241022
0.000241604
0.000241022
0.000241779
0.000241022
0.000243605
0.000243843
0.000242718
0.000243309
0.000242718
0.000243843
0.000241255
0.000241022
0.000243605
0.000245278
0.000246063
0.000244379
0.00024432
0.000244379
0.000243605
0.000243843
0.000243191
0.000243843
0.000243605
0.000244379
0.00024432
0.000244559
0.000244618
0.000244559
0.000244618
0.000244379
0.000243309
0.000242542
0.000242777
0.000243843
0.000242718
0.000244379
0.000244978
0.000244379
0.000245519
0.000244379
0.000242718
0.000244379
0.000242718
0.000243487
0.000244081
0.00024667
0.000246002
0.000245761
0.000246002
0.000245399
0.000246548
0.000245761
0.000246366
0.000243724
0.000244379
0.000243724
0.000244499
0.00024426
0.000244499
0.000243902
0.000243665
0.000245339
0.000242777
0.000243368
0.000242777
0.000243013
0.000241371
0.000243902
0.000243665
0.00024432
0.000243546
0.000246184
0.000245038
0.000245821
0.000243191
0.000247036
0.00024728
0.000243427
0.000243191
0.000243784
0.000243191
0.000243427
0.000243191
0.000243427
0.000243191
0.000244858
0.000243191
0.000243427
0.000244559
0.000243902
0.000244499
0.000243902
0.000243665
0.00024432
0.000243191
0.00024432
0.000244559
0.000244499
0.000245098
0.000244499
0.000244559
