0.000388199
0.000377501
0.000351741
0.000342349
0.000374672
0.000342349
0.000350631
0.000324149
0.000332557
0.000306937
0.000309119
0.000324254
0.000327869
0.000334113
0.000337382
0.000332779
0.00036324
0.000378931
0.000369276
0.000398565
0.000443459
0.000422119
0.000434783
0.000391543
0.000371885
0.000364166
0.000378358
0.000345423
0.000354359
0.000349406
0.000337268
0.000316356
0.00032041
0.000301205
0.000311915
0.000308071
0.000298507
0.00031736
0.000328192
0.00032457
0.000328192
0.000334448
0.000342349
0.000351124
0.000339905
0.000344709
0.000336247
0.000315159
0.000308452
0.000298329
0.000304971
0.000328299
0.00035791
0.000353607
0.000381534
0.000414766
0.000421763
0.000384025
0.000400962
0.00040404
0.000386847
0.000384025
0.00035014
0.000354359
0.000329815
0.000327332
0.000319693
0.000327332
0.000321337
0.000328623
0.000358295
0.000376506
0.000361011
0.000373692
0.000347947
0.000330579
0.000326264
0.000335008
0.000337154
0.000339789
0.000344471
0.000357143
0.000354233
0.000349162
0.000324044
0.000330142
0.000304785
0.000286697
0.000276014
0.000273448
0.000265041
0.000269107
0.000273373
0.000268312
0.000276472
0.000287026
0.000280584
0.000302115
0.000295596
0.000290613
0.000308356
0.000301114
0.000298507
0.000292483
0.000286369
0.000292141
0.000294638
0.000285878
0.000277162
0.000271961
0.000277162
0.000286369
0.000284819
0.000288184
0.000308928
0.000311139
0.000302297
0.000303214
0.000322165
0.000319183
0.000326797
0.000338295
0.000342231
0.000341297
0.000344709
0.000340716
0.000338066
0.000326691
0.000327547
0.000320307
0.000336587
0.000321027
0.000318066
0.000340483
0.000349162
0.000344234
0.000335796
0.000334896
0.000351865
0.000325203
0.000310655
0.000313972
0.000314762
0.000304785
0.000311721
0.000332336
0.000334896
0.000344116
0.000330907
0.000315159
0.000311236
0.00031407
0.000310752
0.000318471
0.000311236
0.000293169
0.000290698
0.000296648
0.00029577
0.000298329
0.000281611
0.000267023
0.000267738
0.000287026
0.000291886
0.000297885
0.000301477
0.000311236
0.000301477
0.000298864
0.000281452
0.000283768
0.000287109
0.000298686
0.000300391
0.000293513
0.000291036
0.000289436
0.000283768
0.000290192
0.000311236
0.000298864
0.000317662
0.000320616
0.000316456
0.00030349
0.000286287
0.000296121
0.000291206
0.000292826
0.000287936
0.000278629
0.000286944
0.000294898
0.000305344
0.000304599
0.000282725
0.00027465
0.000277239
0.000282646
0.00027533
0.000280978
0.000279174
0.000288351
0.000290276
0.000285551
0.000286205
0.000279955
0.000274348
0.000269251
0.000275028
0.000278164
0.000275938
0.000273373
0.000277701
0.000279955
0.00027115
0.000270416
0.000275558
0.000280034
0.000274725
0.000290192
0.000299222
0.000305904
0.000302115
0.000295946
0.000304414
0.000282805
0.000278242
0.000279018
0.00027115
0.000269034
0.000273224
0.000275786
0.000273224
0.000267881
0.000275482
0.000268528
0.000255232
0.000259808
0.000252334
0.000258465
0.000266454
0.000276243
0.000267666
0.000260485
0.000254259
0.000269034
0.000272035
0.000283688
0.000279174
0.000286697
0.000285144
0.000277701
0.000260824
0.000268528
0.000283688
0.000285225
0.000278862
0.000273598
0.00026824
0.000275862
0.000266099
0.000263227
0.000265252
0.000273673
0.000272257
0.000287604
0.000282965
0.000267881
0.000272926
0.000277316
0.000284738
0.000279252
0.000285063
0.000276396
0.000277855
0.000274801
0.000277932
0.000274801
0.000273075
0.000277393
0.000280034
0.000278552
0.0002849
0.000286779
0.00028401
0.000275938
0.000280348
0.000275938
0.000273748
0.000272035
0.000266738
0.000278552
0.000287356
0.000288934
0.000282566
0.000278009
0.000281215
0.000284414
0.000283768
0.000289436
0.000302024
0.000292312
0.000297354
0.000292312
0.000282725
0.000281928
0.000277469
0.00027972
0.000267809
0.000269469
0.000279486
0.000295946
0.00030248
0.000300391
0.000296736
0.000290444
0.000278242
0.00028401
0.00028169
0.000292826
0.000276702
0.000278474
0.000297796
0.000281373
0.000293858
0.000275028
0.000269614
0.000270197
0.000272702
0.000263158
0.00025413
0.00026096
0.000259673
0.00026096
0.000266028
0.000275786
0.000274348
0.000278784
0.00027571
0.00026469
0.000268745
0.000261506
0.000263505
0.000266383
0.000265816
0.000267165
0.000257998
0.000255297
0.000251572
0.000254194
0.000249813
0.000250313
0.000245821
0.000249314
0.000262261
0.00026096
0.000275028
0.000273299
0.000278552
0.000273299
0.000277701
0.000263227
0.000264831
0.000267666
0.000268384
0.000253678
0.000251826
0.000249252
0.000247831
0.00024432
0.000245459
0.000242072
0.00025025
0.000255232
0.000246731
0.000244678
0.000249128
0.000247954
0.000255167
0.0002574
0.000262055
0.000259336
0.000263227
0.00026455
0.000263227
0.000258264
0.000253743
0.000254972
0.000253743
0.000255624
0.000257136
0.000259875
0.000258331
0.000259875
0.000257136
0.000254907
0.000257599
0.000256082
0.000260688
0.000257931
0.000253421
0.000257202
0.000253421
0.000254907
0.000253421
0.000254647
0.000249688
0.00025113
0.000249688
0.000253357
0.000255951
0.000254065
0.00025355
0.000258065
0.000254259
0.000254777
0.000247586
0.000243427
0.000245158
0.000241779
0.000246124
0.000244978
0.000244379
0.000245519
0.000234247
