0.000323729
0.000329815
0.000338524
0.000339098
0.000350018
0.000327869
0.00032457
0.000337724
0.000329056
0.000330907
0.000337268
0.000331455
0.000312402
0.000328084
0.000345066
0.000350508
0.00037594
0.00035727
0.000351494
0.000329164
0.000332557
0.000320513
0.000314762
0.000329707
0.00033456
0.000339789
0.000326477
0.000323206
0.000343643
0.000324044
0.000319387
0.000345185
0.000363372
0.000345304
0.000364564
0.00034626
0.000361272
0.00034965
0.000339674
0.000326371
0.000307882
0.000315457
0.000297619
0.000302297
0.000289184
0.000294031
0.000275103
0.000289101
0.000289352
0.000282087
0.000280741
0.000285714
0.000305998
0.000292312
0.000308928
0.000308452
0.000294551
0.000304692
0.000297619
0.000311818
0.000331785
0.00030656
0.000290867
0.000303122
0.000283206
0.000275938
0.000276319
0.0002886
0.000292398
0.000308261
0.000302939
0.00031736
0.000326584
0.000335121
0.000341647
0.000345304
0.000338639
0.00035791
0.000339213
0.000334225
0.000319387
0.000310559
0.000294464
0.00027933
0.000272257
0.000271887
0.00026062
0.000270856
0.000285551
0.00027933
0.000282087
0.000288434
0.000288184
0.000273224
0.000269833
0.000276778
0.000288434
0.000298775
0.000315358
0.000307787
0.000309406
0.000318471
0.000304414
0.000299222
0.000297708
0.000284738
0.000279799
0.000284333
0.000277008
0.000265957
0.000266312
0.000280034
0.000277624
0.000280034
0.0002918
0.000299133
0.000296033
0.000308737
0.00030021
0.000307409
0.000294377
0.000287274
0.000280978
0.000301205
0.000309023
0.000334225
0.000333667
0.000318167
0.000307125
0.000299401
0.000313873
0.000291545
0.000291971
0.000291545
0.000272554
0.000276014
0.000276243
0.000288184
0.000273
0.000276319
0.000277624
0.000285388
0.000275938
0.000282885
0.000268889
0.000266667
0.000285551
0.000298597
0.000294638
0.000294377
0.000286862
0.000275862
0.000291375
0.000294031
0.000299043
0.000285959
0.000293686
0.000306843
0.000315856
0.000311333
0.000302572
0.000313972
0.00029129
0.000283206
0.000286862
0.000294724
0.000316556
0.000310945
0.000311236
0.000337268
0.000324149
0.000330797
0.000315557
0.000306654
0.00031211
0.000309119
0.00031736
0.000312207
0.000289771
0.000306654
0.000289771
0.00029274
0.000302755
0.000307598
0.000310559
0.000289519
0.000284819
0.000292997
0.00028777
0.000272628
0.000266525
0.000254582
0.000254388
0.000252143
0.000263852
0.000260756
0.000270563
0.000275179
0.000264271
0.000267523
0.000271665
0.000267881
0.000274424
0.000267237
0.000267451
0.000265252
0.000264061
0.000270051
0.000270416
0.000267094
0.000273823
0.000289101
0.000292997
0.000285307
0.000297708
0.000293686
0.00029824
0.00032113
0.000303951
0.000296384
0.000295946
0.000288018
0.000301296
0.00031506
0.000309502
0.000292056
0.000293513
0.000304229
0.000291375
0.000298686
0.000293255
0.000274048
0.000263505
0.000270124
0.000260349
0.000256871
0.000257202
0.000267165
0.000270416
0.00028393
0.000288184
0.000275938
0.000272035
0.000265957
0.000270051
0.000259336
0.000275255
0.000262536
0.000258665
0.000261028
0.000264201
0.000275103
0.000274876
0.000278862
0.000267666
0.000259336
0.000263574
0.000260485
0.000251004
0.000247158
0.000252908
0.000247158
0.000252908
0.0002531
0.00024728
0.000254842
0.000256871
0.000263505
0.000259943
0.000257865
0.000267953
0.000271223
0.000255754
0.00026617
0.000262192
0.000272109
0.000261712
0.000271961
0.000275862
0.000271961
0.000276243
0.000272777
0.000276243
0.000271961
0.000263852
0.000263505
0.000257268
0.000270051
0.000275862
0.000270051
0.000270416
0.000276243
0.000265675
0.000253293
0.000258799
0.000253293
0.000255297
0.000261506
0.000254972
0.000249314
0.000255167
0.000254065
0.000270124
0.000278629
0.000286451
0.000283607
0.000272851
0.000275482
0.00026824
0.000279799
0.000273823
0.000277778
0.000260824
0.000260485
0.000266951
0.000263713
0.000280899
0.000297
0.000302115
0.000307882
0.000294031
0.000293772
0.000286041
0.000278629
0.000275938
0.000269034
0.00027027
0.00026178
0.000262123
0.000265322
0.000264131
0.000268168
0.000264901
0.000268168
0.000260281
0.000257202
0.000259538
0.00025974
0.000255951
0.000265745
0.000250313
0.000247525
0.000257268
0.000263296
0.000267308
0.000263644
0.000259403
0.00027533
0.000278784
0.00027533
0.000271076
0.00027533
0.000264201
0.000258131
0.000259269
0.000255493
0.000265887
0.000263713
0.000272331
0.000275786
0.000279252
0.000278862
0.00027533
0.000274048
0.000271444
0.00026062
0.000262743
0.000269251
0.000269614
0.000269397
0.000273224
0.000269034
0.000275634
0.000273299
0.000272926
0.000275255
0.000286205
0.000290951
0.000292398
0.0002886
0.000276319
0.000269687
0.000259605
0.00025355
0.000253743
0.000240154
0.000240442
0.000244081
0.000252972
0.000244379
0.000249501
0.00024919
0.000251383
0.000247525
0.000252398
0.000247158
0.000254259
0.000257998
0.000252908
0.000253229
0.000256148
0.000255951
0.000254842
0.000242895
0.000243902
0.000240558
0.000246366
0.000240558
0.000243902
0.000243605
0.000243902
0.000243605
0.000242601
0.000245339
0.000242601
0.000245339
0.00024564
0.000237248
0.000237417
0.000234522
0.00023546
0.000233046
0.000235905
0.000234192
0.000231696
0.000229832
0.000229568
0.000232883
0.000229568
0.000234522
0.000229568
0.000232019
0.000229568
0.000229832
0.000229568
0.000229832
0.000229568
0.000229832
0.000229568
0.000229832
