0.00029146
0.000302847
0.000290613
0.00029036
0.000290613
0.000291206
0.000308547
0.000326584
0.000305904
0.000297
0.000302297
0.000303122
0.000282486
0.000292141
0.000290444
0.00027933
0.000276396
0.00027933
0.000274801
0.000268168
0.000254972
0.000256279
0.000269614
0.000285633
0.000275482
0.000275634
0.000289436
0.000288684
0.000279252
0.000272035
0.000279096
0.000290192
0.000289603
0.000282008
0.000282566
0.00026455
0.000261917
0.000268456
0.000254259
0.000253807
0.000254388
0.000246305
0.000261643
0.000249938
0.000261643
0.000268312
0.000257666
0.000245459
0.000253485
0.000252207
0.000241663
0.000241255
0.000249066
0.000241313
0.000256213
0.000246792
0.000252398
0.00026434
0.000248509
0.000252207
0.000262261
0.000262123
0.00025208
0.00025974
0.00025208
0.00025974
0.000248201
0.000261643
0.000271518
0.000267237
0.000271518
0.000267237
0.000253229
0.000253678
0.0002531
0.000247158
0.000247709
0.00024728
0.000240327
0.000252972
0.000242014
0.000242424
0.000237248
0.000244738
0.000254323
0.000254777
0.000258665
0.000258799
0.000260146
0.000270856
0.000266596
0.000282167
0.000266596
0.000279486
0.00027894
0.000283286
0.000282566
0.000278242
0.000285796
0.000275028
0.000294377
0.00028177
0.000264061
0.000266738
0.000257865
0.000248942
0.000254647
0.000254453
0.000271076
0.000261849
0.000273823
0.000262743
0.000273448
0.000266667
0.000276167
0.000288434
0.000272109
0.000262881
0.000280741
0.000280584
0.000269179
0.000276472
0.000292569
0.000291971
0.000283849
0.00028401
0.000284252
0.000284819
0.000284657
0.000297442
0.000294118
0.00028177
0.000289352
0.000282008
0.000302572
0.000288018
0.000298063
0.000298864
0.000278784
0.00027894
0.000261506
0.000265322
0.000265111
0.00026448
0.000279799
0.000279252
0.000266383
0.000256082
0.000255951
0.00025641
0.000256542
0.00025641
0.000256608
0.000265463
0.000278707
0.000291036
0.000296121
0.000296912
0.000285878
0.000296824
0.000281849
0.000263922
0.000248077
0.000250438
0.000262192
0.000261575
0.000261097
0.000261575
0.000261097
0.000261712
0.000262192
0.000259605
0.000255951
0.000256082
0.00025974
0.000259605
0.000260078
0.000248509
0.000242895
0.000248509
0.000261028
0.000247647
0.000258732
0.000269251
0.000265322
0.000261233
0.000263852
0.000279877
0.000272628
0.000282646
0.000281928
0.00027894
0.000267666
0.000277855
0.000266454
0.000257599
0.000245399
0.000248756
0.000258331
0.000249377
0.000249938
0.000248694
0.000248509
0.000248633
0.000243013
0.00023084
0.000238493
0.000249128
0.000265041
0.000275179
0.000265041
0.000256213
0.000255754
0.000246184
0.000245761
0.000256279
0.000243843
0.00024426
0.000252207
0.000252653
0.000252207
0.000242014
0.000232288
0.000234357
0.000246305
0.000246731
0.000262398
0.000254582
0.000243487
0.000241255
0.000254582
0.000245881
0.000251636
0.000261575
0.00026096
0.000265041
0.000272109
0.000271961
0.000281928
0.000293427
0.000288434
0.000288684
0.000278319
0.000271297
0.000271961
0.000262192
0.000246609
0.000234632
0.000234247
0.000236351
0.000236742
0.000236239
0.000237361
0.000236967
0.000236574
0.000245519
0.000245942
0.000240154
0.000239006
0.000230681
0.00024426
0.000231965
0.000232072
0.000230044
0.00023753
0.000229148
0.00023116
0.000231535
0.000234742
0.000226809
0.000239751
0.000245339
0.000242072
0.000245339
0.000245218
0.000256476
0.000265252
0.000261165
0.000245881
0.000232072
0.000224921
0.00023218
0.000232019
0.0002331
0.000220702
0.000223614
0.000228206
0.00022119
0.000218341
0.000223115
0.000233155
0.000241838
0.000236239
0.000233209
0.000233318
0.000232937
0.000232558
0.000224517
0.000224871
0.000229938
0.000230415
0.000225327
0.000228154
0.000223564
0.000226552
0.000223564
0.000223464
0.00023116
0.000228258
0.000228415
0.000239177
0.000237023
0.000237135
0.000226757
0.000227118
0.000220653
0.000223364
0.000223015
0.000223364
0.000234192
0.000226296
0.000225836
0.000230521
0.000225836
0.000226296
0.000225836
0.000232612
0.00023912
0.000239006
0.000238834
0.000239349
0.000232829
0.00022604
0.000226142
0.00022604
0.000232829
0.000232992
0.000231911
0.000232019
0.000231911
0.000232019
0.000231642
0.000240964
0.000231642
0.000232721
0.000232342
0.000232721
0.000234797
0.000232721
0.000232558
0.00023218
0.000232558
0.00023245
0.000234522
0.000233427
0.000233809
0.000234907
0.000224517
0.000222618
0.000222272
0.000224165
0.000224266
0.00022237
0.000226912
0.000225887
0.00022604
0.000225887
0.00022604
0.000225581
0.000225938
0.000226398
0.000225938
0.000225785
0.000226809
0.000225785
0.000225938
0.00022899
0.000229463
0.000229358
0.0002292
0.000229358
0.000226296
0.000226398
0.00022604
0.000226398
0.000221877
0.000222866
0.000222767
0.000222866
0.000222519
0.000224417
0.000224266
0.000224417
0.000224065
0.000223914
0.000224065
0.000223914
0.000224266
0.00022237
0.000222272
0.00022242
0.000222272
0.00022237
0.000222519
0.00022237
0.000222519
0.00022242
0.000222767
0.000222618
0.000222717
0.000222618
0.000222717
0.00022237
0.000222717
0.00022237
0.000222272
0.00022237
0.000222519
0.00022237
0.000222272
0.000222618
0.000222767
0.00022242
0.000222272
0.00022237
0.000222272
0.00022237
0.000222272
0.00022237
0.000222272
0.00022237
0.000222272
0.00022237
0.000222272
0.00022237
0.000222272
0.00022237
0.000222519
0.00022237
0.000222272
0.00022237
0.000222272
0.00022242
0.000222519
0.00021631
