0.000422119
0.000386399
0.000384763
0.000419815
0.0004
0.000398248
0.000402414
0.000367918
0.000336361
0.000364964
0.000358423
0.000359842
0.000336927
0.000350877
0.000365097
0.000350877
0.000326584
0.000338868
0.00033761
0.000363504
0.000335121
0.000312989
0.000335233
0.000311526
0.000312598
0.000317561
0.000298418
0.000302847
0.000303859
0.000299043
0.000296824
0.000281611
0.000290192
0.000273
0.000271076
0.000273299
0.000262329
0.000272109
0.000286287
0.000272851
0.000290192
0.000281136
0.000287439
0.000278009
0.00027571
0.000289436
0.000274952
0.000271223
0.000273075
0.000272926
0.000260688
0.000277085
0.0002918
0.000289687
0.000312695
0.00030525
0.000317763
0.000316656
0.000344471
0.000320307
0.000327547
0.000326371
0.000326584
0.000348554
0.000326584
0.000348068
0.000333111
0.000307125
0.000318674
0.000319795
0.000304599
0.00030931
0.000314465
0.000335796
0.000339213
0.000327547
0.000355366
0.00033456
0.000321854
0.000321647
0.000324254
0.000317259
0.000312012
0.000295247
0.000275103
0.000258933
0.000271003
0.000261301
0.000275179
0.000261575
0.000275179
0.000258198
0.000275862
0.000272183
0.000286369
0.000292912
0.000278087
0.000265393
0.000273973
0.000278784
0.000263922
0.000277239
0.000295858
0.00030021
0.000282247
0.000281373
0.000282247
0.00028777
0.000282646
0.000286944
0.000277546
0.000294811
0.000289017
0.000282646
0.000268312
0.000279799
0.000275938
0.000288351
0.000289268
0.000269397
0.000268601
0.000263713
0.000248818
0.000259943
0.000273373
0.000273523
0.000258598
0.000266241
0.000265463
0.000281849
0.000285878
0.000286779
0.000301932
0.000300933
0.000313873
0.000320821
0.00029976
0.000286615
0.000297619
0.000296648
0.000318674
0.000307787
0.000305157
0.000326797
0.000309406
0.000304785
0.00030581
0.000305623
0.000326797
0.000321234
0.000326797
0.00034626
0.000352237
0.000336022
0.000317662
0.000345543
0.000344234
0.000323939
0.000335345
0.000318674
0.000319795
0.000320924
0.000308166
0.000314762
0.00029146
0.000277316
0.000282247
0.000276932
0.000277778
0.000273748
0.000269107
0.00027115
0.000257931
0.000266028
0.00026617
0.000250627
0.000267738
0.000272331
0.000274273
0.000266596
0.000264831
0.000256805
0.000265604
0.000263783
0.000260349
0.000262123
0.000260213
0.000272405
0.000280426
0.000267523
0.00027571
0.000279564
0.000278707
0.000298597
0.000280426
0.000282406
0.000263435
0.000250689
0.000242836
0.000256476
0.000255754
0.000251699
0.000255102
0.000263783
0.000277085
0.000286451
0.000292141
0.000291206
0.000292141
0.000288018
0.000288934
0.000272257
0.000270416
0.000271223
0.000270416
0.00026295
0.000254323
0.000255037
0.000267953
0.00026976
0.000268962
0.00025641
0.000252016
0.000245158
0.000243665
0.000251572
0.000243665
0.000242131
0.000253293
0.000249938
0.000260078
0.000275255
0.000277162
0.000278009
0.000288351
0.000294118
0.000278629
0.000277778
0.000279955
0.000263783
0.000265604
0.000260892
0.000260146
0.000259403
0.000273075
0.000271223
0.000284495
0.00027049
0.000282167
0.000276778
0.000276625
0.000277469
0.000282885
0.00027115
0.000275862
0.00027115
0.000279564
0.000284981
0.00027571
0.000258665
0.000258799
0.000243191
0.000233427
0.000225225
0.000226501
0.000229253
0.000239636
0.000237925
0.000251004
0.000256016
0.000251636
0.000261712
0.000266454
0.000253678
0.000261506
0.000258131
0.000253614
0.000240674
0.00024888
0.000247341
0.000259471
0.000252207
0.000244918
0.000241779
0.000229621
0.000239063
0.000239693
0.000232504
0.000231911
0.000234577
0.000246245
0.000243309
0.000244798
0.000245459
0.000233863
0.000236574
0.000226449
0.000236183
0.000249563
0.00023872
0.000245218
0.000243665
0.000234907
0.000235516
0.000249563
0.000249439
0.000244678
0.000244798
0.000248016
0.000257998
0.000248016
0.000237869
0.000246853
0.000253421
0.000250313
0.000247036
0.000233263
0.000232666
0.000235349
0.000248016
0.000234797
0.000223414
0.000224921
0.000222469
0.000224921
0.000228467
0.000242189
0.000242836
0.000238892
0.000237473
0.000235905
0.000237473
0.000250063
0.000240848
0.000227273
0.000230044
0.000241255
0.000240616
0.000236686
0.000226347
0.000235516
0.000236911
0.000225581
0.000220361
0.000220897
0.000212811
0.000210438
0.000220994
0.000231857
0.000220994
0.000224115
0.000223564
0.000212766
0.000218245
0.00020903
0.000215936
0.000214777
0.000209468
0.000209952
0.000209468
0.000212947
0.00021245
0.000213584
0.000216029
0.00021245
0.00021363
0.00021725
0.000217155
0.00021725
0.000216076
0.000213812
0.000216967
0.000217486
0.000220799
0.00021777
0.000214592
0.000219539
0.000215843
0.000215332
0.000216497
0.000215332
0.000217628
0.000230362
0.000224618
0.000222173
0.000220897
0.000222173
0.000218818
0.00021631
0.000219587
0.000218341
0.000220897
0.000221435
0.000221976
0.000214684
0.000217628
0.000220022
0.000232234
0.000228571
0.000227998
0.000227894
0.000220994
0.000222222
0.000225683
0.000225124
0.000225683
0.000225785
0.000227118
0.000225785
0.000213538
0.000212404
0.000211909
0.000212404
0.000211909
0.000212404
0.000213584
0.000212224
0.000212721
0.00021631
0.000211506
0.000208464
0.000209556
0.00021173
0.000210571
0.00021173
0.00020829
0.0002096
0.000207297
0.000210305
0.000209074
0.000212089
0.000210926
0.000208768
0.000209908
0.000212089
0.000209074
0.000208594
0.000210926
0.00020982
0.00021106
0.000211551
0.000212675
0.000211551
0.00020938
0.000208899
0.00020938
0.000208247
0.000207771
0.000204834
0.000205931
0.000203707
0.000204165
0.000206398
0.000204165
0.000203707
0.00020475
0.000205212
