0.000311429
0.000313873
0.00030303
0.000290192
0.000305623
0.000307409
0.000310078
0.000289101
0.000286779
0.00027115
0.000262536
0.000254647
0.000257666
0.000246975
0.000253165
0.000249377
0.00025113
0.00026448
0.00025113
0.000263089
0.000271518
0.000260552
0.00027894
0.000277008
0.000288767
0.000278009
0.00029163
0.000293772
0.000280191
0.000266667
0.000283206
0.000294377
0.00029985
0.00029577
0.000290444
0.00028885
0.000287604
0.000279642
0.000296033
0.000288767
0.000309693
0.000326371
0.000338983
0.000337154
0.000352113
0.000323311
0.000306937
0.000316556
0.000312012
0.00031348
0.000297265
0.000286533
0.000277624
0.000282326
0.000277624
0.000281215
0.000294464
0.00029976
0.000281294
0.000270124
0.00028401
0.000271665
0.000283607
0.000281611
0.000293686
0.000308737
0.000302847
0.000304321
0.000288434
0.000280426
0.000276855
0.000294724
0.000284819
0.000293083
0.000277008
0.000267094
0.000282087
0.000284091
0.00027933
0.000289101
0.00027571
0.000285633
0.00029274
0.000296736
0.000298418
0.000297
0.000287274
0.000291121
0.000281215
0.000272628
0.000273823
0.000258331
0.0002457
0.000259673
0.000269978
0.000263922
0.000262605
0.000266951
0.000262605
0.000270563
0.000276932
0.000265534
0.000273823
0.000278629
0.000273823
0.000263296
0.000254842
0.000268601
0.000257136
0.00026137
0.000258264
0.000269833
0.000258264
0.000259538
0.000258264
0.000252717
0.000261575
0.000262881
0.000267094
0.000280662
0.000294291
0.000288934
0.00029994
0.000297708
0.000280899
0.000279642
0.000267308
0.000264061
0.000273149
0.000274348
0.00026462
0.000250125
0.000243191
0.000255951
0.000244618
0.000243665
0.000246427
0.000243665
0.000242014
0.000254259
0.000258398
0.00025025
0.000262123
0.000274198
0.000290192
0.000281057
0.000276167
0.000281057
0.000283286
0.000288351
0.000286041
0.000296736
0.000280034
0.000282247
0.000268528
0.000279486
0.000266951
0.000262743
0.000275862
0.000284657
0.000303582
0.000292398
0.000287191
0.000291036
0.000301386
0.00031211
0.000309406
0.00031211
0.00031027
0.000301023
0.000308928
0.000306279
0.000296121
0.000308356
0.000310174
0.000304229
0.000286862
0.000290698
0.000278862
0.000269324
0.00027049
0.000283366
0.000297265
0.000287191
0.000276549
0.000289855
0.000299581
0.000289855
0.000299581
0.000285388
0.000267523
0.000285388
0.00027137
0.000282566
0.000292312
0.000278862
0.00028082
0.000268168
0.000266809
0.000263574
0.000267953
0.000281611
0.000267953
0.000277393
0.000280978
0.000269833
0.000254777
0.00024564
0.000253485
0.000239292
0.000240385
0.000229095
0.000234412
0.000228102
0.000234577
0.000228102
0.000227273
0.000237248
0.000249004
0.000247463
0.000244678
0.000233318
0.00023663
0.000230521
0.000231857
0.00022941
0.000238949
0.000250815
0.000249875
0.000242189
0.000243072
0.000231911
0.000222916
0.000225225
0.000235849
0.000237417
0.000227428
0.00022168
0.000230574
0.000236686
0.000239292
0.000249314
0.000246488
0.000234907
0.000229568
0.000240558
0.000241488
0.000240385
0.00022941
0.000235571
0.000234028
0.000233155
0.000235682
0.000236574
0.000230468
0.00022604
0.000230468
0.000237079
0.000234522
0.000238039
0.000233318
0.000240442
0.000233372
0.000244678
0.000237304
0.000243784
0.000240096
0.000242777
0.000239292
0.000245098
0.000239292
0.000246245
0.000243487
0.000244618
0.000248447
0.00024728
0.000251004
0.000240848
0.000234028
0.000242365
0.00023872
0.000232396
0.000229938
0.000231428
0.00023245
0.000226552
0.000225124
0.000229516
0.000228728
0.000218818
0.000221043
0.000228885
0.000227583
0.000237586
0.000231107
0.000231911
0.000231107
0.000231911
0.000222916
0.000233263
0.000228728
0.000227894
0.000228728
0.00023596
0.000241604
0.000238949
0.000240385
0.00022941
0.000228102
0.000232612
0.000236072
0.000235183
0.000229832
0.000235905
0.000229832
0.000235183
0.000226912
0.000220216
0.000225785
0.000228154
0.000225785
0.000220216
0.000221582
0.000222816
0.000225124
0.000220897
0.000218675
0.000220897
0.00022168
0.000220897
0.000219539
0.000216544
0.000221926
0.000219684
0.000225989
0.000228363
0.000222668
0.000225836
0.000224568
0.000219684
0.000220897
0.000217865
0.000222668
0.000221435
0.000222222
0.000223614
0.000222222
0.000221435
0.000224568
0.000225378
0.000216357
0.000217533
0.000216779
0.000217533
0.000214731
0.000216873
0.000218198
0.000216029
0.000218198
0.000216029
0.000214731
0.000217533
