0.000277393
0.000271887
0.000271297
0.00026462
0.000266667
0.000283366
0.000283206
0.000280899
0.000301386
0.000317662
0.000340368
0.000368732
0.000340368
0.000336361
0.000331785
0.00034002
0.000340252
0.0003367
0.000340716
0.000344353
0.00032
0.000343407
0.000357015
0.000362319
0.000350877
0.000347102
0.000346861
0.000327547
0.000302572
0.000284495
0.000287356
0.000289939
0.000280899
0.000278629
0.000279252
0.000286451
0.000283126
0.000279564
0.000281849
0.000284657
0.000282167
0.000276932
0.000297619
0.000300391
0.000292483
0.000307787
0.000286451
0.000298686
0.000303582
0.000300391
0.000304136
0.000310463
0.000304136
0.000300391
0.00029967
0.00029985
0.000297265
0.000292569
0.000276932
0.000270929
0.000273075
0.000292398
0.000272405
0.000272257
0.000280662
0.000277932
0.000278087
0.000278707
0.000261438
0.000263852
0.000252525
0.000265463
0.000264901
0.0002574
0.000275255
0.000290529
0.000284495
0.000288934
0.00030021
0.000287853
0.000290276
0.000285796
0.000288018
0.000285796
0.000289519
0.000294118
0.000290529
0.000291206
0.000306373
0.000301386
0.00032175
0.000308833
0.000317662
0.000314169
0.000291971
0.00030349
0.000325839
0.000306748
0.00031746
0.000296209
0.000280191
0.000286615
0.000276319
0.000279018
0.000276778
0.000279955
0.000277546
0.000297265
0.000276549
0.000259403
0.000246002
0.00024777
0.000246002
0.000252908
0.000262398
0.00026455
0.000262123
0.000252653
0.000254518
0.000257268
0.000256739
0.000250941
0.000248139
0.00025641
0.000254518
0.000271223
0.000259269
0.000275406
0.000273075
0.000277316
0.000282566
0.000277316
0.000273075
0.000273673
0.000278784
0.000282326
0.000285144
0.000284495
0.00028169
0.000278164
0.000280426
0.00026462
0.000266809
0.00026738
0.000271297
0.000269179
0.00026441
0.000255624
0.000260146
0.000265182
0.000267666
0.000265182
0.000263019
0.000269614
0.000265745
0.000267666
0.000251383
0.000246427
0.00024919
0.000261643
0.000254323
0.000256345
0.000258665
0.000255689
0.000253036
0.000255951
0.000258665
0.000273523
0.000268528
0.000265604
0.000270416
0.000263783
0.000268601
0.000266099
0.00027972
0.0002886
0.000293341
0.000293169
0.000287522
0.000281611
0.000284414
0.00027571
0.000275862
0.000296472
0.000281215
0.00026688
0.000263922
0.000270563
0.000266525
0.000284495
0.00028169
0.000284981
0.000277624
0.000259471
0.00026448
0.000262467
0.00026448
0.00024888
0.000261438
0.000267023
0.000270929
0.000256345
0.000242307
0.000236016
0.000234302
0.000244798
0.000250313
0.000252972
0.000262467
0.000264901
0.000266951
0.000263158
0.000271076
0.00026096
0.000258131
0.000253678
0.000251953
0.000259134
0.000263713
0.00026617
0.000263713
0.000265604
0.000257998
0.000252143
0.000255754
0.000250627
0.00025641
0.00026001
0.00026469
0.00026455
0.000266738
0.000253678
0.000258933
0.000259067
0.000261438
0.000256082
0.000253807
0.000259067
0.000257136
0.000257003
0.000258933
0.000255951
0.000251572
0.00026295
0.000265393
0.000261506
0.000258732
0.000252845
0.000250627
0.000248818
0.000251636
0.000248818
0.000251383
0.000247219
0.000247341
0.00024079
0.000239006
0.000250438
0.000252398
0.000251889
0.000257931
0.000256016
0.000260552
0.000262536
0.000260417
0.000255558
0.000253293
0.000250689
0.000254972
0.000255493
0.00026295
0.000265816
0.000259403
0.000247158
0.000245038
0.000234522
0.00024266
0.000240269
0.000242895
0.000242424
0.000242895
0.000244618
0.000241429
0.000243843
0.0002457
0.000247831
0.000243013
0.000241313
0.000243013
0.000245519
0.000243902
0.000242189
0.000243784
0.000250501
0.000248571
0.000248077
0.00025025
0.000248447
0.00025025
0.000246063
0.000250564
0.000248385
0.000246245
0.000254388
0.000251509
0.000248942
0.000253229
0.000248633
0.000240096
0.000240558
0.000242248
0.00024432
0.000246184
0.000242131
0.000234742
0.000225632
0.00023245
0.000235516
0.000239636
0.000237869
0.000239866
0.000250063
0.000239866
0.000233699
0.000236183
0.000229148
0.000227635
0.000231214
0.000234137
0.000234028
0.000231
0.000235905
0.000233427
0.000232992
0.000228206
0.000230362
0.000232234
0.000228363
0.000226552
0.000233427
0.000233863
0.000233973
0.000233863
0.000231642
0.000236574
0.000239751
0.000239292
0.000239751
0.000239292
0.000239751
0.000237756
0.000230627
0.000232504
0.000234742
0.000234302
0.000230681
0.000232558
0.000228938
0.000227118
0.000228728
0.000235738
0.000232666
0.000232775
0.000232666
0.000235128
0.000228154
0.000226552
0.000226655
0.000224568
0.000227428
0.000228938
0.000229358
0.000227169
0.00022899
0.000232558
0.000230681
0.000228311
0.000230681
0.000232937
0.000232504
0.000230947
0.000231374
0.000228415
0.000226091
0.000224618
0.000226091
0.000228415
0.000225632
0.000227221
0.000225632
0.000223364
0.000224921
0.000223364
0.000226809
0.000226398
0.000224618
0.000226091
0.000226501
0.000223115
0.000225378
0.000226963
0.00022242
0.000225124
0.000223664
0.000223264
0.000221729
0.000219539
0.000223115
0.000225938
0.000223115
0.000224568
