0.00030012
0.000293427
0.000299491
0.000290276
0.000273748
0.00027049
0.000272035
0.000289184
0.000277393
0.000286533
0.000284819
0.000268168
0.000277546
0.000279174
0.00029274
0.000303582
0.000301659
0.000315657
0.00031736
0.000335683
0.000310559
0.000320924
0.000313972
0.000317561
0.000306373
0.00030303
0.000309502
0.000307882
0.000286041
0.000276396
0.000268673
0.000278319
0.000298329
0.00028082
0.000269687
0.000277469
0.000280899
0.000270709
0.000290782
0.000293858
0.000316957
0.000310945
0.000304414
0.00031027
0.000306091
0.000300391
0.00028401
0.000295683
0.000301114
0.000324886
0.000314268
0.0003367
0.000311429
0.00029967
0.000305344
0.000283286
0.000272702
0.000259269
0.000248571
0.000257998
0.000249688
0.000257798
0.00026617
0.000249688
0.00026617
0.000285551
0.000296912
0.000298775
0.000286862
0.000285144
0.000294118
0.000282965
0.000273224
0.000258264
0.000242307
0.000246427
0.000256937
0.000241838
0.000253614
0.00027115
0.000257732
0.000248324
0.000251067
0.000241022
0.000255297
0.000268312
0.000284981
0.000280112
0.000277316
0.000294291
0.000279408
0.000292997
0.000310463
0.000287687
0.000274574
0.000275862
0.000260213
0.000244439
0.0002457
0.000261165
0.0002457
0.000254388
0.000250438
0.000259336
0.000250313
0.000238834
0.000249626
0.000265745
0.000265463
0.000264271
0.000273598
0.000286615
0.000298507
0.000284414
0.000266028
0.00026295
0.000281849
0.00029129
0.000294377
0.000278784
0.000270709
0.000262055
0.000265111
0.000248324
0.00026462
0.000250815
0.000254777
0.000259808
0.000248694
0.000244918
0.000254065
0.000247525
0.000251319
0.00024426
0.000240211
0.000244439
0.000248633
0.000244918
0.000256871
0.000242424
0.000246124
0.000249875
0.00026688
0.000279252
0.000276472
0.000284819
0.00028401
0.000301932
0.000280899
0.000272777
0.000267237
0.000269833
0.000265393
0.000275179
0.000283286
0.000284091
0.000275938
0.000262812
0.000263089
0.000279096
0.000278784
0.000288934
0.000283286
0.000270563
0.000276243
0.000290782
0.00028777
0.000286944
0.000276702
0.000282087
0.000272405
0.00028177
0.000284657
0.000268673
0.00026434
0.000254972
0.000269324
0.000260756
0.000273
0.000282725
0.000279877
0.000281215
0.000282008
0.000286944
0.000270051
0.00025974
0.000248633
0.00024888
0.000240848
0.000236911
0.000244678
0.000255037
0.000246609
0.000254712
0.000241838
0.000234687
0.000224669
0.000230044
0.000243546
0.000229305
0.000236855
0.000229305
0.000232992
0.000220604
0.000215657
0.00022168
0.000218341
0.00022686
0.000239981
0.000243605
0.000230097
0.000244021
0.000243013
0.000249439
0.000239521
0.000238322
0.000225023
0.000221239
0.000223015
0.000217865
0.000222916
0.000236351
0.000233918
0.000239866
0.000246002
0.000238436
0.000234962
0.000229253
0.00024079
0.000255297
0.000265252
0.000251319
0.000240385
0.000233318
0.000224316
0.000219202
0.000222916
0.000225124
0.000228311
0.000237304
0.000237079
0.000238265
0.000250689
0.000246853
0.000237135
0.000245218
0.00023912
0.000242718
0.000243724
0.000240096
0.000244141
0.000232342
0.000231214
0.000224014
0.000220264
0.000226552
0.000227635
0.000227842
0.000220459
0.000225632
0.000223814
0.000230097
0.000223814
0.000226963
0.000226091
0.000226963
0.000232558
0.000226963
0.000233046
0.000226963
0.000221729
0.00022553
0.00022242
0.000229938
0.000217202
0.000213675
0.000215332
0.000214362
0.000208247
0.000209161
0.00021254
0.000206996
0.000209688
0.000208768
0.000213538
0.000210748
0.000211685
0.000208638
0.000207727
0.000204499
0.000205381
0.000208638
0.000207727
0.000212811
0.000210084
0.000214777
0.000211327
0.000212269
0.000207684
0.000206782
0.00021245
0.000222272
0.000222074
0.000222272
0.000220507
0.000227221
0.000229095
0.000222272
0.00021245
0.000211685
0.0002145
0.000215471
0.00021263
0.000213402
0.00021263
0.000213402
0.00021263
0.000213402
0.00021263
0.000215471
0.0002145
0.000217723
0.00021097
0.000208247
0.000209161
0.000209908
0.000208986
0.000209908
0.000209161
0.000211864
0.000211685
0.000210748
0.000211506
0.000211685
0.000206058
0.000205634
0.00020829
0.000209205
0.00020829
0.000208725
0.000205761
0.000203169
0.00020247
0.000203335
0.000206228
0.000204708
0.000203832
0.000204541
0.000205423
0.000204708
0.000205423
0.000204708
0.000203832
